149061.788 0
149062.697 0
149063.635 0
149064.548 0
149065.596 0
149066.548 0
149067.52 0
149068.493 0
149069.423 0
149740.766 0
149741.698 0
149743.079 0
149744.017 0
149744.916 0
149745.819 0
149746.777 0
149747.75 0
149748.692 0
149749.624 0
149750.528 0
149751.428 0
149752.641 0
149753.618 0
149754.561 0
149755.471 0
149756.382 0
149757.295 0
149758.206 0
149759.098 0
149760.011 0
149760.927 0
149762.133 0
149763.018 0
149763.924 0
149764.864 0
149765.796 0
149766.686 1.1111
149767.649 2.5
149768.59 3.6111
149769.484 4.7222
149770.353 5.2778
149771.557 6.3889
149772.459 6.9444
149773.353 7.5
149774.287 8.0556
149775.223 8.3333
149776.147 8.8889
149777.077 9.1667
149778.003 9.4444
149778.934 9.4444
149779.864 9.4444
149781.119 9.4444
149782.036 9.4444
149782.998 9.4444
149783.924 9.1667
149784.86 9.1667
149785.814 8.8889
149786.76 8.6111
149787.714 8.3333
149788.644 7.5
149789.565 7.2222
149790.804 6.3889
149791.675 6.1111
149792.581 6.1111
149793.49 6.3889
149794.421 6.6667
149795.362 7.2222
149796.285 8.0556
149797.213 8.6111
149798.155 8.8889
149799.067 9.1667
149800.318 9.1667
149801.222 9.4444
149802.139 9.4444
149803.01 9.4444
149803.921 9.1667
149804.815 8.8889
149805.718 8.3333
149806.626 7.7778
149807.583 6.9444
149808.504 6.6667
149809.669 5.8333
149810.56 6.1111
149811.46 6.9444
149812.379 7.5
149813.319 7.5
149814.242 7.5
149815.163 7.5
149816.036 7.7778
149816.923 7.5
149817.814 6.3889
149819.006 4.4444
149819.898 2.5
149820.771 1.3889
149821.656 0.8333
149822.553 1.6667
149823.431 3.0556
149824.362 4.1667
149825.309 5
149826.228 5.2778
149827.129 5.2778
149828.378 4.4444
149829.331 3.3333
149830.276 1.9444
149831.192 1.1111
149832.125 1.1111
149833.037 1.3889
149833.96 1.6667
149834.897 1.3889
149835.813 0
149836.764 0
149837.978 0
149838.937 0
149839.895 0
149840.801 0
149841.748 0
149842.682 0
149843.609 0
149844.522 0
149845.422 0
149846.353 0
149847.584 0
149848.537 0
149849.462 0
149850.368 0
149851.271 0.8333
149852.186 1.9444
149853.094 3.3333
149854.005 4.1667
149854.933 4.7222
149855.876 5.5556
149857.099 6.3889
149858.03 7.2222
149858.966 8.0556
149859.929 8.6111
149860.861 8.6111
149861.793 8.8889
149862.731 8.8889
149863.662 8.8889
149864.624 9.1667
149865.551 8.8889
149866.771 8.8889
149867.739 8.6111
149868.585 8.6111
149869.511 8.6111
149870.417 8.3333
149871.33 8.3333
149872.256 8.3333
149873.179 8.0556
149874.086 7.7778
149875.044 7.5
149876.278 6.9444
149877.2 6.3889
149878.115 5.2778
149879.068 3.8889
149880.02 3.8889
149880.914 3.8889
149881.832 4.1667
149882.779 3.8889
149883.725 3.6111
149884.68 3.6111
149885.901 4.4444
149886.792 5.2778
149887.689 6.1111
149888.582 6.6667
149889.503 7.5
149890.443 7.7778
149891.392 8.0556
149892.315 8.6111
149893.249 8.8889
149894.166 9.1667
149895.403 9.4444
149896.319 9.7222
149897.216 9.7222
149898.114 10
149899.029 10
149899.951 10
149900.882 10
149901.816 9.7222
149902.736 9.7222
149903.702 9.4444
149904.924 8.8889
149905.884 8.0556
149906.833 7.7778
149907.737 7.7778
149908.613 7.5
149909.541 6.9444
149910.489 7.2222
149911.406 7.2222
149912.348 7.5
149913.289 7.7778
149914.515 8.0556
149915.427 8.0556
149916.362 8.0556
149917.266 8.3333
149918.227 8.3333
149919.183 8.3333
149920.086 8.3333
149921.058 8.3333
149922.001 8.3333
149922.921 8.3333
149924.184 8.3333
149925.089 8.0556
149926.02 7.7778
149926.927 7.7778
149927.849 7.7778
149928.744 8.0556
149929.637 8.0556
149930.587 8.0556
149931.496 8.0556
149932.438 8.3333
149933.709 8.3333
149934.628 8.3333
149935.586 8.3333
149936.521 8.3333
149937.474 8.3333
149938.374 8.6111
149939.263 8.6111
149940.148 8.6111
149941.016 8.6111
149941.916 8.8889
149943.117 8.8889
149944.037 8.8889
149944.968 9.1667
149945.886 8.8889
149946.845 8.8889
149947.769 8.6111
149948.633 8.3333
149949.476 8.0556
149950.422 7.2222
149951.357 6.3889
149952.579 5.5556
149953.493 4.4444
149954.362 3.6111
149955.266 2.5
149956.183 1.3889
149957.095 0
149958.021 0
149958.919 0
149959.834 0
149960.701 0
149961.885 0
149962.835 0
149963.712 0
149964.614 0
149965.506 0
149966.405 0
149967.321 0
149968.265 0
149969.152 0
149970.07 0
149971.311 0
149972.251 0
149973.201 0
149974.152 0
149975.064 0
149975.99 0
149976.886 0
149977.794 0
149978.73 0
149979.649 0
149980.834 0
149981.753 0
149982.632 0
149983.563 0
149984.483 0
149985.417 0
149986.329 0
149987.219 0
149988.127 0
149988.994 0
149990.169 0
149991.116 1.3889
149991.98 1.6667
149992.826 1.6667
149993.673 1.3889
149994.624 1.3889
149995.623 1.6667
149996.516 1.3889
149997.443 1.3889
149998.363 1.3889
149999.597 1.6667
150000.539 2.5
150001.485 3.6111
150002.401 4.4444
150003.33 4.7222
150004.269 5.2778
150005.206 5.5556
150006.115 5.8333
150007.013 6.1111
150007.953 6.6667
150009.17 7.2222
150010.091 7.5
150011.011 7.5
150011.929 7.5
150012.884 7.2222
150013.782 6.6667
150014.682 6.1111
150015.625 5.2778
150016.546 4.7222
150017.503 3.8889
150018.756 3.0556
150019.698 2.2222
150020.632 1.6667
150021.571 1.1111
150022.503 0
150023.422 0
150024.343 0
150025.293 0
150026.216 0
150027.15 0
150028.357 0
150029.294 0
150030.211 0
150031.128 0
150032.041 0
150032.974 0
150033.896 0
150034.798 0
150035.725 0
150036.636 0
150037.816 0
150038.692 0.8333
150039.569 1.6667
150040.452 2.5
150041.318 3.6111
150042.221 4.7222
150043.126 5.2778
150044.026 6.1111
150044.908 6.3889
150045.818 6.6667
150047.046 7.2222
150047.968 7.7778
150048.899 8.0556
150049.818 8.6111
150050.715 8.6111
150051.61 8.3333
150052.507 8.3333
150053.447 8.3333
150054.363 8.3333
150055.273 8.3333
150056.529 8.6111
150057.438 8.6111
150058.375 8.8889
150059.312 8.8889
150060.229 8.8889
150061.158 8.3333
150062.06 8.0556
150062.997 8.0556
150063.958 8.0556
150064.868 8.0556
150066.132 8.0556
150067.056 8.3333
150067.975 8.3333
150068.885 8.6111
150069.788 8.6111
150070.721 8.8889
150071.644 8.8889
150072.546 9.1667
150073.449 9.1667
150074.322 9.4444
150075.54 9.4444
150076.443 9.7222
150077.355 9.7222
150078.289 9.7222
150079.251 9.7222
150080.167 9.7222
150081.066 9.4444
150082 9.4444
150082.901 9.4444
150083.815 9.4444
150085.034 9.1667
150085.995 8.8889
150086.932 8.8889
150087.888 8.8889
150088.836 8.8889
150089.729 9.1667
150090.629 9.4444
150091.546 9.4444
150092.46 9.4444
150093.365 9.7222
150094.579 9.4444
150095.475 9.4444
150096.356 9.7222
150097.244 10
150098.118 10
150099.034 10
150099.946 9.7222
150100.886 9.7222
150101.794 9.7222
150102.686 9.7222
150103.875 9.7222
150104.757 9.7222
150105.62 9.7222
150106.52 9.4444
150107.432 9.4444
150108.35 9.4444
150109.261 9.4444
150110.193 9.7222
150111.136 9.7222
150112.033 10
150113.242 9.7222
150114.206 10
150115.154 10
150116.069 10.2778
150117.02 10.2778
150117.97 10.2778
150118.942 10.2778
150119.902 10
150120.816 10
150121.718 10
150122.907 10
150123.774 9.7222
150124.673 9.7222
150125.536 9.1667
150126.435 8.0556
150127.314 7.5
150128.196 5.8333
150129.101 4.7222
150130.003 4.4444
150130.937 4.4444
150132.176 4.7222
150133.072 5
150133.978 5
150134.877 5.2778
150135.813 5.2778
150136.715 4.7222
150137.617 3.6111
150138.521 2.2222
150139.448 1.1111
150140.37 0
150141.609 0
150142.506 0
150143.416 0
150144.336 0
150145.263 0
150146.204 0
150147.13 0
150148.024 0
150148.918 0
150149.836 0
150151.077 0
150152.014 0
150152.928 0
150153.877 0
150154.835 0
150155.756 0
150156.698 1.1111
150157.655 2.7778
150158.609 3.8889
150159.565 4.7222
150160.801 5.8333
150161.703 6.3889
150162.603 6.9444
150163.527 7.2222
150164.443 7.7778
150165.372 8.0556
150166.3 8.0556
150167.254 7.7778
150168.22 7.5
150169.152 6.9444
150170.423 6.1111
150171.34 5.5556
150172.231 5.2778
150173.114 5.2778
150173.966 4.7222
150174.866 4.4444
150175.777 4.4444
150176.699 4.7222
150177.613 5.5556
150178.535 6.1111
150179.8 6.9444
150180.741 7.5
150181.65 7.7778
150182.57 8.3333
150183.53 8.3333
150184.43 8.3333
150185.358 8.0556
150186.279 7.7778
150187.232 6.3889
150188.158 4.4444
150189.351 3.3333
150190.306 3.3333
150191.258 3.8889
150192.207 3.8889
150193.178 3.6111
150194.134 3.6111
150195.071 3.8889
150196.008 4.7222
150196.896 5.5556
150197.848 6.3889
150199.086 7.7778
150200.03 8.0556
150200.955 8.8889
150201.848 9.1667
150202.754 9.7222
150203.661 10
150204.621 10
150205.539 10
150206.49 10
150207.434 10
150208.615 10
150209.534 10
150210.426 10
150211.357 10
150212.268 10
150213.209 9.7222
150214.162 9.1667
150215.105 8.6111
150216.034 8.3333
150216.985 8.3333
150218.263 8.0556
150219.215 8.0556
150220.129 8.0556
150221.085 8.3333
150221.933 8.6111
150222.822 8.6111
150223.715 8.8889
150224.606 8.8889
150225.459 9.1667
150226.322 9.1667
150227.528 9.1667
150228.436 9.1667
150229.336 9.1667
150230.238 9.4444
150231.113 9.4444
150232.051 9.4444
150232.963 9.1667
150233.888 8.8889
150234.78 8.0556
150235.719 7.5
150236.941 6.9444
150237.893 6.3889
150238.81 5.2778
150239.73 4.1667
150240.633 2.5
150241.548 1.3889
150242.459 0
150243.362 0
150244.298 0
150245.209 0
150246.422 0
150247.366 0
150248.264 0
150249.17 0
150250.115 0
150251.046 0
150251.983 0
150252.934 0
150253.865 0
150254.796 0
150256.027 0
150256.971 0
150257.882 0
150258.81 0
150259.739 0
150260.706 0
150261.658 0
150262.617 0
150263.591 0
150264.543 0
150265.769 0
150266.647 0
150267.553 0
150268.48 0
150269.402 0
150270.318 0
150271.258 0
150272.212 0
150273.179 0
150274.123 0
150275.354 0
150276.308 1.6667
150277.252 2.7778
150278.224 3.8889
150279.179 4.4444
150280.139 5.2778
150281.047 6.1111
150281.983 6.9444
150282.911 7.5
150283.86 8.0556
150285.078 8.3333
150285.994 8.3333
150286.917 8.3333
150287.835 8.3333
150288.772 8.3333
150289.694 8.3333
150290.616 8.6111
150291.562 8.8889
150292.511 8.8889
150293.44 9.1667
150294.884 8.8889
150295.756 8.6111
150296.638 8.6111
150297.554 8.3333
150298.419 8.0556
150299.315 7.7778
150300.239 7.5
150301.185 6.3889
150302.095 5
150302.973 3.8889
150304.207 3.6111
150305.127 3.6111
150306.048 3.6111
150306.949 3.8889
150307.859 3.8889
150308.803 4.1667
150309.687 4.4444
150310.615 4.4444
150311.53 4.7222
150312.448 4.7222
150313.674 4.7222
150314.577 4.7222
150315.492 5
150316.436 5
150317.421 5.2778
150318.36 5
150319.263 4.4444
150320.218 3.8889
150321.175 3.0556
150322.126 2.2222
150323.358 2.2222
150324.27 2.2222
150325.184 2.5
150326.065 3.3333
150326.938 3.8889
150327.853 4.4444
150328.75 5
150329.679 4.7222
150330.624 3.8889
150331.514 2.5
150332.714 1.1111
150333.597 0
150334.49 0
150335.422 0
150336.337 0
150337.24 0
150338.189 0
150339.098 0
150339.969 0
150340.915 0
150342.134 0
150343.041 0
150343.98 0
150344.923 1.1111
150345.878 2.2222
150346.823 3.3333
150347.753 4.1667
150348.669 4.7222
150349.619 5.2778
150350.532 5.5556
150351.767 5.8333
150352.683 6.3889
150353.632 6.9444
150354.584 7.2222
150355.538 7.2222
150356.461 7.2222
150357.395 7.2222
150358.266 7.5
150359.165 7.7778
150360.11 8.3333
150361.349 8.6111
150362.261 8.8889
150363.176 8.8889
150364.116 9.1667
150365.055 9.1667
150365.931 8.8889
150366.848 8.8889
150367.804 9.1667
150368.712 9.4444
150369.643 9.7222
150370.901 9.4444
150371.8 9.4444
150372.726 9.4444
150373.653 9.4444
150374.567 9.4444
150375.461 9.1667
150376.369 9.1667
150377.302 9.1667
150378.209 9.1667
150379.102 9.1667
150380.261 9.4444
150381.147 9.4444
150382.034 9.7222
150382.936 10
150383.859 10
150384.748 10
150385.616 10
150386.51 9.7222
150387.406 9.7222
150388.316 9.7222
150389.551 9.4444
150390.475 9.1667
150391.4 8.8889
150392.346 9.1667
150393.296 9.7222
150394.204 9.1667
150395.097 9.4444
150396.058 9.1667
150397.017 8.8889
150397.975 8.6111
150399.264 8.3333
150400.228 7.7778
150401.161 6.6667
150402.111 5.5556
150403.015 4.4444
150403.929 3.6111
150404.834 2.7778
150405.838 1.9444
150406.756 1.3889
150407.704 0
150408.919 0
150409.863 0
150410.775 0
150411.747 0
150412.7 0.8333
150413.619 1.1111
150414.526 1.6667
150415.454 2.2222
150416.367 2.2222
150417.306 2.2222
150418.476 3.0556
150419.43 3.6111
150420.379 3.8889
150421.316 3.6111
150422.233 3.6111
150423.179 3.6111
150424.075 3.3333
150424.963 3.3333
150425.863 3.6111
150426.779 3.8889
150427.969 4.1667
150428.903 4.7222
150429.837 5
150430.742 5.5556
150431.646 5.8333
150432.575 6.1111
150433.483 6.1111
150434.376 5.5556
150435.305 5
150436.237 4.4444
150437.472 3.3333
150438.423 2.5
150439.346 1.6667
150440.263 0
150441.156 0
150442.095 0
150443.008 0
150443.931 0
150444.842 0
150445.793 0
150447.05 0
150447.954 0
150448.847 0
150449.774 0
150450.649 0
150451.552 0
150452.434 0
150453.302 0
150454.175 0
150455.038 0
150456.218 0
150457.079 0
150457.96 0
150458.844 0
150459.736 0
150460.616 0
150461.529 0
150462.438 0
150463.356 0
150464.242 0
150465.432 0
150466.329 0
150467.237 1.1111
150468.16 2.7778
150469.077 4.1667
150469.975 5
150470.846 5.8333
150471.736 6.9444
150472.628 7.7778
150473.515 8.3333
150474.669 9.1667
150475.542 9.4444
150476.433 9.7222
150477.328 10
150478.236 10
150479.103 10.2778
150479.967 10.2778
150480.83 10.2778
150481.701 10.5556
150482.592 10.2778
150483.76 10.2778
150484.692 10
150485.619 9.7222
150486.518 9.4444
150487.409 8.6111
150488.344 8.3333
150489.295 8.3333
150490.206 8.6111
150491.159 8.8889
150492.06 9.1667
150493.279 9.7222
150494.18 10
150495.12 10
150496.037 9.7222
150496.956 9.4444
150497.844 9.4444
150498.784 9.4444
150499.738 9.4444
150500.669 10
150501.589 10.5556
150502.786 10.8333
150503.698 11.1111
150504.621 11.1111
150505.52 10.8333
150506.429 10.8333
150507.336 10.2778
150508.251 9.7222
150509.145 8.8889
150510.056 7.2222
150511.003 5.8333
150512.277 4.7222
150513.193 4.7222
150514.151 5
150515.079 5.5556
150516.037 6.1111
150516.924 6.6667
150517.862 6.6667
150518.81 7.2222
150519.769 7.5
150520.699 8.0556
150521.942 8.3333
150522.843 8.6111
150523.759 8.6111
150524.696 8.8889
150525.663 9.4444
150526.617 10
150527.587 10.5556
150528.511 11.1111
150529.422 11.3889
150530.362 11.6667
150531.613 11.6667
150532.565 11.6667
150533.511 11.9444
150534.426 11.9444
150535.374 11.9444
150536.297 11.9444
150537.237 11.6667
150538.153 11.6667
150539.096 11.6667
150540.057 11.6667
150541.337 11.6667
150542.309 11.3889
150543.258 11.1111
150544.216 10.8333
150545.161 10.8333
150546.094 10.8333
150547.014 10.8333
150547.955 10.8333
150548.885 10.8333
150549.801 10.8333
150551.069 11.3889
150552.014 11.3889
150552.915 11.3889
150553.83 11.6667
150554.78 11.6667
150555.727 11.6667
150556.647 11.6667
150557.575 11.6667
150558.503 11.6667
150559.453 11.9444
150560.675 11.9444
150561.616 12.2222
150562.536 12.2222
150563.475 12.2222
150564.43 12.2222
150565.351 12.2222
150566.297 12.2222
150567.254 11.9444
150568.217 11.9444
150569.167 11.9444
150570.409 11.9444
150571.319 11.9444
150572.248 11.9444
150573.159 11.9444
150574.098 11.9444
150575.035 11.9444
150575.989 11.9444
150576.915 12.2222
150577.819 12.2222
150578.768 12.2222
150579.956 12.2222
150580.883 12.2222
150581.812 11.9444
150582.73 11.9444
150583.629 11.6667
150584.542 11.6667
150585.498 11.3889
150586.442 11.3889
150587.385 11.3889
150588.329 11.3889
150589.577 11.1111
150590.517 10.8333
150591.452 10.2778
150592.413 9.7222
150593.316 9.1667
150594.209 8.6111
150595.204 7.7778
150596.128 6.1111
150597.02 4.4444
150597.944 2.7778
150599.169 0
150600.055 0
150600.966 0
150601.873 0
150602.781 0
150603.751 0
150604.698 0
150605.637 0
150606.605 0
150607.568 0
150608.753 0
150609.696 0
150610.635 0
150611.547 0
150612.435 0
150613.317 0
150614.184 0
150615.053 0
150615.927 0
150616.83 0
150617.975 0
150619.056 0
150619.954 1.9444
150620.85 2.7778
150621.768 3.8889
150622.697 5
150623.643 5.5556
150624.593 6.1111
150625.499 6.3889
150626.402 6.9444
150627.577 7.5
150628.494 8.0556
150629.404 8.6111
150630.322 9.1667
150631.263 9.4444
150632.211 10
150633.128 10.2778
150634.055 10.2778
150635.006 10.5556
150635.923 10.8333
150637.154 11.3889
150638.108 11.6667
150639.042 12.2222
150639.955 12.2222
150640.871 12.7778
150641.786 13.0556
150642.729 13.0556
150643.658 13.0556
150644.555 13.0556
150645.468 13.0556
150646.707 13.3333
150647.62 13.6111
150648.537 13.8889
150649.455 13.8889
150650.378 14.1667
150651.283 14.1667
150652.197 14.4444
150653.147 14.1667
150654.092 14.1667
150655.003 14.1667
150656.21 13.8889
150657.104 13.6111
150658.009 13.3333
150658.893 13.3333
150659.802 13.3333
150660.741 13.3333
150661.654 13.6111
150662.62 13.6111
150663.56 14.1667
150664.532 14.4444
150665.801 14.7222
150666.731 14.7222
150667.658 14.7222
150668.602 14.4444
150669.495 14.4444
150670.407 14.1667
150671.329 14.1667
150672.295 14.4444
150673.263 14.4444
150674.195 14.4444
150675.418 14.4444
150676.354 14.4444
150677.24 14.4444
150678.171 14.4444
150679.083 14.4444
150680.029 14.7222
150680.97 14.7222
150681.901 14.7222
150682.843 14.7222
150683.776 14.7222
150685.022 14.4444
150685.976 14.4444
150686.933 15
150687.821 15.2778
150688.715 15.5556
150689.59 15.8333
150690.456 16.1111
150691.369 16.1111
150692.308 16.1111
150693.214 16.1111
150694.378 16.1111
150695.327 15.5556
150696.266 15.2778
150697.184 14.7222
150698.121 14.1667
150699.08 13.8889
150700.001 13.6111
150700.934 13.0556
150701.897 12.7778
150702.777 12.5
150704.028 12.5
150704.919 12.5
150705.831 12.2222
150706.769 12.2222
150707.655 12.2222
150708.619 12.5
150709.543 12.5
150710.471 12.2222
150711.394 11.9444
150712.339 12.2222
150713.562 12.5
150714.508 12.7778
150715.418 12.7778
150716.389 12.7778
150717.341 12.7778
150718.321 12.7778
150719.252 12.5
150720.18 12.5
150721.109 12.5
150722.034 12.5
150723.258 12.2222
150724.169 12.5
150725.079 12.5
150725.948 12.5
150726.823 12.7778
150727.708 12.7778
150728.607 12.7778
150729.519 13.0556
150730.456 13.0556
150731.399 13.0556
150732.596 13.0556
150733.523 12.7778
150734.419 12.5
150735.322 11.9444
150736.255 11.3889
150737.176 10.5556
150738.09 9.1667
150739.033 8.0556
150739.985 6.9444
150740.948 5.8333
150742.17 4.4444
150743.129 4.1667
150744.069 3.8889
150744.983 4.7222
150745.937 5.5556
150746.901 6.6667
150747.84 7.7778
150748.773 8.8889
150749.711 9.4444
150750.617 9.7222
150751.899 10.5556
150752.855 11.1111
150753.799 11.3889
150754.73 11.9444
150755.621 11.9444
150756.542 11.9444
150757.468 11.6667
150758.37 11.6667
150759.297 11.3889
150760.219 11.3889
150761.423 11.3889
150762.334 11.3889
150763.248 11.3889
150764.131 11.3889
150765.072 11.3889
150765.963 11.6667
150766.866 11.6667
150767.794 11.6667
150768.727 11.6667
150769.635 11.6667
150770.926 11.9444
150771.881 12.2222
150772.824 12.2222
150773.732 12.2222
150774.686 12.2222
150775.625 12.5
150776.535 12.7778
150777.476 12.7778
150778.384 12.7778
150779.315 12.7778
150780.542 12.7778
150781.42 13.0556
150782.375 13.0556
150783.307 13.0556
150784.227 13.0556
150785.178 13.0556
150786.119 13.3333
150787.048 13.3333
150787.973 13.3333
150788.869 13.3333
150790.11 13.3333
150791.056 13.3333
150791.964 13.0556
150792.921 13.0556
150793.874 12.7778
150794.771 12.5
150795.674 12.5
150796.544 12.2222
150797.423 11.9444
150798.316 12.2222
150799.502 12.5
150800.378 12.7778
150801.27 13.0556
150802.176 13.0556
150803.098 13.0556
150804.05 13.0556
150805.003 13.0556
150805.913 12.7778
150806.796 12.5
150807.718 12.2222
150808.936 11.6667
150809.861 11.1111
150810.778 10.8333
150811.717 10.5556
150812.622 10
150813.52 9.1667
150814.427 8.3333
150815.362 8.0556
150816.269 7.7778
150817.194 7.2222
150818.438 6.3889
150819.399 6.3889
150820.358 6.6667
150821.282 6.9444
150822.186 7.5
150823.09 8.0556
150824.042 8.6111
150824.982 9.4444
150825.922 10
150826.85 10.8333
150828.084 11.1111
150829.009 11.3889
150829.954 11.1111
150830.866 10.8333
150831.803 10.2778
150832.728 10.2778
150833.653 10.5556
150834.567 10.8333
150835.475 11.1111
150836.393 11.3889
150837.643 11.3889
150838.579 11.6667
150839.504 11.6667
150840.399 11.3889
150841.335 11.3889
150842.27 11.3889
150843.224 11.3889
150844.189 11.1111
150845.133 11.1111
150846.044 11.1111
150847.269 11.1111
150848.218 11.1111
150849.143 11.1111
150850.06 11.3889
150850.965 11.6667
150851.884 11.9444
150852.825 11.9444
150853.753 12.5
150854.677 13.0556
150855.592 13.6111
150856.837 13.6111
150857.753 13.6111
150858.688 13.3333
150859.604 13.3333
150860.535 13.0556
150861.476 13.0556
150862.417 12.7778
150863.328 12.7778
150864.286 12.5
150865.241 12.5
150866.453 12.5
150867.407 12.2222
150868.36 11.6667
150869.262 11.3889
150870.21 11.1111
150871.134 11.3889
150872.084 11.3889
150872.982 11.6667
150873.888 11.3889
150874.854 11.3889
150876.119 11.6667
150877.056 11.6667
150877.956 11.6667
150878.876 11.6667
150879.818 11.3889
150880.739 11.3889
150881.677 11.6667
150882.596 11.6667
150883.545 11.9444
150884.516 11.6667
150885.783 11.6667
150886.688 11.6667
150887.592 11.9444
150888.532 11.9444
150889.438 11.3889
150890.326 10.5556
150891.228 9.4444
150892.114 8.3333
150893.025 7.2222
150893.936 6.1111
150895.194 4.1667
150896.088 3.0556
150897.009 1.9444
150897.893 2.2222
150898.835 2.7778
150899.783 3.6111
150900.685 5
150901.631 5.8333
150902.546 6.9444
150903.51 7.7778
150904.768 8.8889
150905.684 9.4444
150906.615 10
150907.555 10.5556
150908.5 10.8333
150909.412 11.3889
150910.318 11.6667
150911.26 11.9444
150912.214 12.2222
150913.162 11.9444
150914.419 11.9444
150915.319 11.6667
150916.262 11.6667
150917.205 11.3889
150918.128 11.1111
150919.045 10.8333
150919.959 10.8333
150920.872 10
150921.809 9.4444
150922.77 8.8889
150923.984 8.0556
150924.894 7.2222
150925.803 6.3889
150926.705 5.5556
150927.623 3.8889
150928.54 2.5
150929.488 1.1111
150930.399 0
150931.336 0
150932.247 0
150933.508 0
150934.444 1.9444
150935.391 3.0556
150936.338 4.4444
150937.28 5.2778
150938.2 6.3889
150939.165 6.9444
150940.059 7.7778
150940.981 8.8889
150941.922 10
150943.171 11.3889
150944.099 12.2222
150945.038 12.7778
150945.932 13.3333
150946.844 13.8889
150947.754 14.4444
150948.693 14.7222
150949.642 15
150950.561 15.2778
150951.482 15.2778
150952.704 15.5556
150953.637 15.5556
150954.576 15.5556
150955.478 15.5556
150956.395 15.5556
150957.338 15.5556
150958.243 15.8333
150959.184 16.1111
150960.132 16.6667
150961.054 16.9444
150962.319 17.5
150963.244 18.0556
150964.184 18.3333
150965.136 18.6111
150966.052 18.8889
150967 18.8889
150967.924 18.3333
150968.84 18.3333
150969.773 17.7778
150970.715 17.5
150971.909 17.2222
150972.817 17.5
150973.683 17.5
150974.576 17.7778
150975.473 18.0556
150976.399 18.0556
150977.308 18.0556
150978.272 17.7778
150979.217 17.7778
150980.136 17.7778
150981.403 17.7778
150982.313 17.5
150983.262 17.2222
150984.218 16.9444
150985.177 16.6667
150986.138 16.6667
150987.093 16.6667
150988.046 16.6667
150988.956 16.9444
150989.894 17.2222
150991.143 17.5
150992.079 17.7778
150993.005 18.0556
150993.95 18.3333
150994.911 18.6111
150995.864 18.6111
150996.801 18.6111
150997.72 18.6111
150998.627 18.3333
150999.566 18.3333
151000.832 18.0556
151001.775 17.7778
151002.69 17.5
151003.646 17.2222
151004.564 17.5
151005.463 17.2222
151006.381 17.2222
151007.288 16.9444
151008.19 16.6667
151009.095 16.6667
151010.325 16.3889
151011.267 16.6667
151012.183 16.6667
151013.09 16.3889
151014.019 16.3889
151014.935 16.1111
151015.908 15.5556
151016.837 15.5556
151017.749 15.2778
151018.683 15
151019.926 14.7222
151020.85 14.7222
151021.812 14.4444
151022.716 14.1667
151023.65 13.8889
151024.603 13.6111
151025.561 13.3333
151026.516 13.0556
151027.42 12.7778
151028.344 13.0556
151029.574 13.3333
151030.529 13.6111
151031.446 13.6111
151032.397 13.6111
151033.325 13.6111
151034.282 13.6111
151035.226 13.8889
151036.192 13.8889
151037.141 14.1667
151038.047 14.4444
151039.39 14.7222
151040.332 14.7222
151041.253 14.7222
151042.163 14.7222
151043.059 14.7222
151043.962 14.4444
151044.871 14.4444
151045.804 14.4444
151046.721 14.4444
151047.64 14.1667
151048.872 14.1667
151049.724 13.8889
151050.648 13.6111
151051.555 13.6111
151052.501 13.3333
151053.437 13.3333
151054.369 13.6111
151055.324 13.6111
151056.277 13.6111
151057.222 13.6111
151058.446 13.6111
151059.415 13.8889
151060.345 13.8889
151061.21 13.8889
151062.136 13.6111
151063.075 13.6111
151064.014 13.3333
151064.912 13.3333
151065.829 13.3333
151066.779 13.3333
151068.04 13.3333
151068.951 13.0556
151069.876 13.0556
151070.8 13.0556
151071.766 13.0556
151072.682 13.0556
151073.617 13.0556
151074.534 13.3333
151075.487 13.6111
151076.438 13.6111
151077.635 13.3333
151078.518 13.0556
151079.392 12.7778
151080.282 12.2222
151081.178 11.9444
151082.077 11.9444
151082.974 11.6667
151083.86 10.8333
151084.699 9.7222
151085.607 8.6111
151086.781 5.8333
151087.706 5.2778
151088.602 5.2778
151089.491 5
151090.407 5
151091.288 5.2778
151092.255 5.5556
151093.191 5
151094.115 3.8889
151095.02 2.7778
151096.281 1.1111
151097.224 0
151098.136 0
151099.049 0
151099.989 0
151100.935 0
151101.846 0
151102.761 0
151103.714 0
151104.66 0
151106.535 0
151107.47 0.8333
151108.378 1.9444
151109.278 3.8889
151110.178 5
151111.115 6.1111
151112.03 7.2222
151112.928 8.3333
151113.851 9.1667
151114.772 9.7222
151116.039 9.7222
151116.97 9.1667
151117.901 8.6111
151118.834 6.9444
151119.784 5.2778
151120.725 4.4444
151121.657 2.7778
151122.571 1.6667
151123.48 1.6667
151124.39 2.7778
151125.61 4.7222
151126.56 5.8333
151127.472 7.2222
151128.355 8.6111
151129.288 9.7222
151130.159 10.5556
151131.102 11.1111
151132.057 11.9444
151133.017 12.5
151133.964 13.0556
151135.193 13.3333
151136.15 13.6111
151137.103 13.6111
151138.05 13.8889
151138.966 13.8889
151139.884 13.8889
151140.824 13.6111
151141.771 13.6111
151142.662 13.3333
151143.579 13.0556
151144.794 12.7778
151145.694 12.5
151146.658 11.9444
151147.606 11.9444
151148.563 11.6667
151149.473 11.1111
151150.372 10.2778
151151.272 9.4444
151152.214 8.8889
151153.17 8.3333
151154.448 8.0556
151155.363 7.7778
151156.259 6.9444
151157.21 5.8333
151158.166 5
151159.081 4.7222
151160.037 4.7222
151160.978 5.5556
151161.941 6.3889
151162.858 7.2222
151164.073 8.6111
151165.017 9.4444
151165.966 10.5556
151166.879 11.1111
151167.842 11.6667
151168.761 11.9444
151169.738 12.2222
151170.663 12.5
151171.605 12.5
151172.515 12.7778
151173.742 12.7778
151174.671 12.7778
151175.577 12.7778
151176.494 12.7778
151177.366 12.7778
151178.275 12.7778
151179.22 13.0556
151180.167 13.0556
151181.078 13.0556
151181.979 13.0556
151183.257 13.3333
151184.186 13.3333
151185.116 13.0556
151186.009 13.0556
151186.96 13.0556
151187.889 13.0556
151188.828 12.7778
151189.788 12.7778
151190.724 12.5
151191.617 12.5
151192.812 12.5
151193.713 12.5
151194.725 12.7778
151195.59 12.7778
151196.477 13.0556
151197.353 13.0556
151198.251 12.5
151199.151 12.5
151200.09 12.5
151201.048 12.5
151202.299 12.5
151203.226 12.5
151204.119 12.2222
151205.018 12.2222
151205.959 12.2222
151206.884 11.9444
151207.808 11.9444
151208.684 12.2222
151209.563 12.5
151210.525 12.5
151211.748 12.7778
151212.667 13.0556
151213.57 13.0556
151214.493 13.3333
151215.397 13.3333
151216.357 13.3333
151217.314 13.0556
151218.253 13.0556
151219.217 12.7778
151220.14 12.7778
151221.385 12.5
151222.306 12.7778
151223.263 12.5
151224.218 12.2222
151225.16 11.9444
151226.073 11.3889
151227.009 10.5556
151227.943 9.7222
151228.894 8.3333
151229.849 6.9444
151231.076 5
151232.023 3.3333
151232.966 1.9444
151233.885 1.1111
151234.792 0
151235.743 0
151236.698 0
151237.622 0
151238.543 0
151239.469 0
151240.711 0
151241.645 0
151242.584 0
151243.497 0
151244.451 0
151245.384 0
151246.3 0
151247.203 0
151248.112 0
151248.956 0
151250.178 0
151251.075 0
151251.985 0
151252.916 0
151253.841 0
151254.76 0
151255.697 0
151256.733 0
151257.687 0
151258.628 0
151259.867 0
151260.816 0
151261.72 0
151262.684 0
151263.629 0
151264.526 0
151265.442 0
151266.348 0
151267.244 0
151268.147 0
151269.38 0
151270.3 0
151271.247 0
151272.207 0
151273.173 0
151274.117 0
151275.03 0
151275.948 0
151276.893 0
151277.834 0
151279.048 0
151279.955 0
151280.855 0
151281.774 0
151282.719 0
151283.664 0
151284.569 1.1111
151285.518 2.2222
151286.417 3.3333
151287.329 4.1667
151288.584 5.5556
151289.499 6.3889
151290.453 6.6667
151291.404 7.2222
151292.368 7.7778
151293.321 8.3333
151294.257 8.8889
151295.161 9.1667
151296.089 9.7222
151297.033 10
151298.227 10.5556
151299.149 10.8333
151300.047 11.1111
151300.986 10.8333
151301.931 10.8333
151302.85 10.8333
151303.76 10.5556
151304.685 10.5556
151305.624 10.5556
151306.513 10.2778
151307.729 10
151308.653 9.4444
151309.571 9.1667
151310.526 8.8889
151311.448 8.8889
151312.363 8.8889
151313.29 8.6111
151314.204 7.7778
151315.115 6.3889
151316.077 5.2778
151317.318 5.2778
151318.239 5.2778
151319.181 5.2778
151320.109 5.2778
151321.023 5.2778
151321.917 5.5556
151322.791 6.1111
151323.748 6.9444
151324.702 7.5
151325.658 8.0556
151326.953 8.0556
151327.859 8.0556
151328.736 7.7778
151329.632 7.7778
151330.521 7.5
151331.487 7.2222
151332.421 6.1111
151333.339 4.7222
151334.27 3.8889
151335.163 2.7778
151336.381 1.3889
151337.292 1.1111
151338.196 1.1111
151339.126 2.2222
151340.05 3.6111
151340.962 4.7222
151341.877 5.5556
151342.794 6.1111
151343.721 6.9444
151344.663 7.7778
151345.888 8.8889
151346.837 9.7222
151347.773 10.2778
151348.693 10.8333
151349.617 11.1111
151350.542 11.1111
151351.503 10.8333
151352.42 10.8333
151353.376 10.5556
151354.316 10
151355.542 9.1667
151356.505 8.3333
151357.463 7.5
151358.416 6.6667
151359.323 5.8333
151360.229 4.7222
151361.176 3.3333
151362.135 1.9444
151363.104 1.3889
151364.055 0
151365.285 0
151366.266 0
151367.162 0
151368.089 0
151369.005 0
151369.963 0
151370.919 0
151371.867 0
151372.829 0
151373.757 0
151374.973 0
151375.901 0
151376.864 0
151377.792 0
151378.701 0
151379.641 0
151380.576 0
151381.516 0.8333
151382.415 2.5
151383.345 3.6111
151384.592 4.7222
151385.515 5.5556
151386.438 5.8333
151387.457 5.8333
151388.363 5.5556
151389.26 5.2778
151390.205 5.5556
151391.118 6.1111
151392.046 6.6667
151392.98 7.5
151394.219 8.6111
151395.159 9.4444
151396.115 10
151397.033 10.5556
151397.983 11.1111
151398.913 11.6667
151399.817 11.6667
151400.687 11.6667
151401.573 11.6667
151402.466 11.6667
151403.669 11.9444
151404.582 11.9444
151405.469 11.9444
151406.358 11.9444
151407.273 11.9444
151408.222 11.9444
151409.159 11.9444
151410.082 11.9444
151411.004 11.9444
151411.909 11.6667
151413.075 11.6667
151413.962 11.6667
151414.838 11.6667
151415.725 11.6667
151416.644 11.6667
151417.554 11.6667
151418.488 11.6667
151419.406 11.6667
151420.318 11.6667
151421.245 11.6667
151422.452 11.6667
151423.368 11.6667
151424.302 11.6667
151425.236 11.6667
151426.148 11.9444
151427.078 11.9444
151428.053 11.9444
151429.088 11.9444
151429.99 11.9444
151430.919 11.9444
151432.217 11.9444
151433.118 11.9444
151434.066 11.9444
151434.994 11.9444
151435.927 11.9444
151436.836 11.9444
151437.755 11.9444
151438.644 11.9444
151439.587 11.6667
151440.519 11.6667
151441.757 11.6667
151442.663 11.6667
151443.613 11.6667
151444.527 11.6667
151445.383 11.6667
151446.246 11.6667
151447.165 11.6667
151448.1 11.6667
151449.04 11.9444
151449.958 11.9444
151451.221 11.9444
151452.179 11.9444
151453.135 11.9444
151454.03 12.2222
151454.949 12.2222
151455.881 12.2222
151456.837 12.2222
151457.745 11.9444
151458.632 11.6667
151459.556 11.1111
151460.8 10.2778
151461.714 9.7222
151462.627 8.3333
151463.552 6.3889
151464.435 4.4444
151465.375 2.5
151466.334 0
151467.271 0
151468.192 0
151469.145 0
151470.41 0
151471.453 0
151472.39 0
151473.312 0
151474.253 0
151475.16 0
151476.057 0
151476.987 0
151477.885 0
151478.836 0
151480.073 0
151481.02 0
151481.932 0
151482.84 2.5
151483.784 4.4444
151484.607 6.1111
151485.54 6.6667
151486.477 7.2222
151487.354 7.7778
151488.287 8.3333
151489.498 9.4444
151490.392 10
151491.223 10.8333
151492.185 11.6667
151493.143 11.9444
151494.075 12.5
151494.995 12.5
151495.908 13.0556
151496.859 13.3333
151497.792 13.8889
151499.004 14.4444
151499.954 14.7222
151500.892 15
151501.834 15.2778
151502.736 15.5556
151503.66 15.8333
151504.602 15.8333
151505.537 16.1111
151506.462 16.1111
151507.405 16.1111
151508.622 16.1111
151509.526 15.8333
151510.439 15.8333
151511.372 15.8333
151512.279 15.8333
151513.233 15.8333
151514.177 15.5556
151515.099 15.5556
151516.043 15.5556
151517.002 15.5556
151518.196 15.5556
151519.096 15.5556
151520.022 15.8333
151520.928 15.8333
151521.874 16.1111
151522.841 16.1111
151523.738 16.3889
151524.658 16.3889
151525.53 16.6667
151526.41 16.6667
151527.639 16.9444
151528.546 17.2222
151529.478 17.2222
151530.45 16.9444
151531.382 16.6667
151532.324 16.6667
151533.244 16.3889
151534.168 16.1111
151535.119 15.5556
151536.041 15.5556
151537.288 15.2778
151538.202 15.2778
151539.117 15.2778
151540.058 15.2778
151541.023 15.2778
151541.977 15.2778
151542.924 15
151543.897 14.7222
151544.858 14.7222
151545.801 14.7222
151547.087 15
151548.003 15.2778
151548.911 15.2778
151549.827 15.2778
151550.744 15.2778
151551.683 15.2778
151552.605 15.2778
151553.557 15.2778
151554.459 14.7222
151555.41 13.6111
151556.684 12.7778
151557.663 12.2222
151558.615 11.6667
151559.559 10.5556
151560.514 9.1667
151561.446 6.9444
151562.324 5.2778
151563.228 3.3333
151564.174 0
151565.084 0
151566.298 0
151567.24 0
151568.251 0
151569.168 0
151570.131 0
151571.057 0
151572.012 0
151572.917 0
151573.863 0
151574.816 0
151576.062 2.5
151576.979 3.8889
151577.878 5.2778
151578.777 5.8333
151579.696 6.6667
151580.592 7.5
151581.523 8.3333
151582.471 9.1667
151583.376 9.7222
151584.275 10.2778
151585.505 10.8333
151586.441 11.3889
151587.347 11.6667
151588.289 11.6667
151589.206 11.9444
151590.151 12.2222
151591.059 12.2222
151592.016 12.2222
151592.93 12.2222
151593.875 12.5
151595.101 11.9444
151596.049 11.9444
151596.955 11.9444
151597.877 11.9444
151598.793 12.2222
151599.7 12.2222
151600.596 12.5
151601.523 12.7778
151602.485 12.7778
151603.382 12.7778
151604.611 13.0556
151605.527 13.0556
151606.463 12.7778
151607.387 12.5
151608.295 12.2222
151609.229 11.9444
151610.145 11.3889
151611.093 10.8333
151612.023 10.2778
151612.953 10.2778
151614.198 10.5556
151615.132 11.1111
151616.046 11.6667
151616.979 11.9444
151617.868 12.2222
151618.772 12.7778
151619.694 13.0556
151620.599 13.6111
151621.501 13.8889
151622.417 14.1667
151623.636 13.6111
151624.551 13.0556
151625.457 12.2222
151626.367 11.6667
151627.328 11.1111
151628.289 10.8333
151629.208 10.2778
151630.166 10.2778
151631.107 10.5556
151632.029 11.1111
151633.289 11.6667
151634.194 11.9444
151635.099 12.2222
151636.034 12.7778
151636.938 13.0556
151637.845 13.3333
151638.773 13.6111
151639.693 13.6111
151640.582 13.8889
151641.497 13.8889
151642.71 14.1667
151643.642 14.1667
151644.559 13.8889
151645.467 13.8889
151646.382 13.8889
151647.268 14.1667
151648.215 14.1667
151649.16 14.1667
151650.114 14.1667
151651.01 13.8889
151652.19 14.1667
151653.077 14.1667
151653.978 14.4444
151654.836 14.4444
151655.758 14.4444
151656.691 14.1667
151657.614 14.1667
151658.505 14.1667
151659.433 13.8889
151660.352 13.6111
151661.548 13.6111
151662.457 13.8889
151663.363 14.1667
151664.293 14.4444
151665.204 14.7222
151666.127 14.7222
151666.997 14.4444
151667.878 14.4444
151668.824 14.1667
151669.722 13.6111
151670.953 12.7778
151671.891 11.9444
151672.838 11.6667
151673.748 11.3889
151674.646 11.1111
151675.566 10.8333
151676.48 10
151677.351 8.6111
151678.267 6.6667
151679.171 4.7222
151680.387 1.9444
151681.298 0
151682.207 0
151683.11 0
151683.984 0
151684.871 0
151685.753 0
151686.643 0
151687.543 0
151688.403 1.6667
151689.595 3.3333
151690.491 4.4444
151691.416 5.2778
151692.378 6.1111
151693.319 7.2222
151694.297 8.0556
151695.19 8.8889
151696.054 9.7222
151696.944 10.5556
151697.817 11.1111
151698.998 11.6667
151699.893 11.9444
151700.79 11.9444
151701.671 11.9444
151702.896 11.9444
151703.816 11.9444
151704.771 11.9444
151705.692 11.9444
151706.648 12.2222
151707.556 12.2222
151708.791 12.5
151709.734 12.7778
151710.682 12.7778
151711.62 12.5
151712.556 12.2222
151713.495 11.6667
151714.409 11.1111
151715.33 10.5556
151716.221 10.8333
151717.17 11.1111
151718.382 11.3889
151719.325 11.6667
151720.271 11.6667
151721.175 11.9444
151722.038 12.2222
151722.953 12.7778
151723.864 13.0556
151724.827 13.3333
151725.754 13.3333
151726.669 13.6111
151727.892 13.8889
151728.837 14.1667
151729.765 14.1667
151730.663 13.8889
151731.607 14.1667
151732.564 13.8889
151733.503 13.8889
151734.442 13.6111
151735.362 13.6111
151736.279 13.3333
151737.472 12.5
151738.361 11.9444
151739.227 11.6667
151740.115 11.6667
151741.025 11.6667
151741.988 11.6667
151742.935 10.8333
151743.883 10.5556
151744.833 10.2778
151745.757 10
151747.002 10.5556
151747.943 10.5556
151748.898 10.8333
151749.849 11.1111
151750.756 11.3889
151751.72 11.6667
151752.626 11.6667
151753.546 11.6667
151754.453 11.6667
151755.383 11.9444
151756.61 11.9444
151757.522 12.2222
151758.425 12.2222
151759.4 11.3889
151760.336 10.5556
151761.277 9.7222
151762.207 8.3333
151763.161 6.9444
151764.093 5.5556
151765.017 3.8889
151766.363 1.6667
151767.254 1.6667
151768.217 2.5
151769.18 3.8889
151770.112 5
151771.032 5.8333
151771.968 6.3889
151772.889 6.9444
151773.829 7.7778
151774.756 8.6111
151775.976 9.4444
151776.91 10
151777.818 10.5556
151778.77 10.8333
151779.721 11.3889
151780.665 11.6667
151781.6 11.6667
151782.532 11.6667
151783.453 11.6667
151784.413 11.6667
151785.632 11.6667
151786.546 11.6667
151787.479 11.6667
151788.423 11.6667
151789.339 11.3889
151790.3 11.1111
151791.259 10.5556
151792.218 10
151793.167 9.4444
151794.203 8.3333
151795.418 6.3889
151796.342 5
151797.23 3.6111
151798.147 1.9444
151799.084 0
151800.021 0
151800.972 0
151801.894 0
151802.839 0
151803.738 1.9444
151804.923 3.8889
151805.819 5
151806.735 5.5556
151807.63 6.6667
151808.675 7.5
151809.608 8.3333
151810.515 9.1667
151811.386 10
151812.276 10.8333
151813.17 11.3889
151814.353 11.9444
151815.275 12.5
151816.219 13.0556
151817.13 13.3333
151818.059 13.6111
151818.959 13.6111
151819.899 13.8889
151820.833 14.1667
151821.794 14.4444
151822.743 14.4444
151823.964 14.4444
151824.9 14.4444
151825.821 14.4444
151826.773 14.1667
151827.715 14.1667
151828.654 14.1667
151829.564 13.8889
151830.514 14.1667
151831.447 14.1667
151832.408 13.6111
151833.635 13.8889
151834.589 13.8889
151835.528 14.1667
151836.438 14.1667
151837.353 14.4444
151838.289 14.7222
151839.212 14.4444
151840.14 14.7222
151841.006 14.7222
151841.944 15
151843.159 14.7222
151844.112 14.7222
151844.967 14.4444
151845.893 14.4444
151846.818 14.4444
151847.765 14.4444
151848.717 14.7222
151849.634 14.4444
151850.744 14.7222
151851.65 14.7222
151852.891 14.7222
151853.842 14.7222
151854.804 14.7222
151855.704 15
151856.625 15
151857.581 15.2778
151858.492 15.2778
151859.413 15.5556
151860.376 15.5556
151861.305 15.5556
151862.564 15.5556
151863.501 15.5556
151864.462 15.8333
151865.401 15.8333
151866.302 16.1111
151867.209 16.1111
151868.116 16.1111
151869.057 16.1111
151869.965 16.1111
151870.887 16.1111
151872.13 16.1111
151873.06 15.8333
151873.99 15.5556
151874.907 15.5556
151875.813 15.2778
151876.723 15.2778
151877.648 15
151878.606 14.7222
151879.52 14.7222
151880.448 14.4444
151881.689 14.1667
151882.607 14.1667
151883.547 14.4444
151884.496 14.4444
151885.428 14.7222
151886.358 14.7222
151887.258 14.7222
151888.208 14.7222
151889.154 15
151890.096 15
151891.332 15.2778
151892.267 15.5556
151893.203 15.8333
151894.297 15.8333
151895.257 15.5556
151896.202 15.5556
151897.135 15.5556
151898.037 15.5556
151898.973 15.5556
151899.921 15.5556
151901.147 15.5556
151902.049 15.5556
151902.994 15
151903.897 14.7222
151904.847 14.4444
151905.727 14.4444
151906.626 14.4444
151907.558 14.1667
151908.475 13.8889
151909.387 13.8889
151910.619 14.1667
151911.552 14.4444
151912.434 15
151913.328 15.2778
151914.265 15.5556
151915.165 15.5556
151916.093 15.8333
151917.018 16.1111
151917.95 16.1111
151918.861 16.3889
151920.081 16.3889
151920.988 16.1111
151921.944 16.1111
151922.887 15.8333
151923.787 15.5556
151924.701 15.5556
151925.643 15.5556
151926.549 15.5556
151927.491 15.2778
151928.409 15.2778
151929.644 15.5556
151930.594 15.5556
151931.535 15.5556
151932.448 15.5556
151933.353 15.5556
151934.285 15.5556
151935.172 15.5556
151936.129 15.5556
151937.076 15.5556
151938.001 15.5556
151939.22 15.5556
151940.138 15.5556
151941.082 15.5556
151942.027 15.5556
151942.945 15.5556
151943.9 15.5556
151944.837 15.2778
151945.814 15
151946.733 14.7222
151947.65 14.7222
151948.896 14.4444
151949.821 14.1667
151950.744 14.1667
151951.64 13.8889
151952.603 13.6111
151953.555 13.3333
151954.463 13.0556
151955.363 12.7778
151956.284 12.2222
151957.217 11.3889
151958.448 10
151959.338 8.6111
151960.218 6.9444
151961.112 6.6667
151961.993 6.6667
151962.837 7.2222
151963.765 7.7778
151964.709 8.0556
151965.653 7.5
151966.619 7.7778
151967.88 8.3333
151968.848 8.8889
151969.808 9.4444
151970.729 9.7222
151971.673 10
151972.591 10.2778
151973.493 9.7222
151974.437 9.1667
151975.39 7.2222
151976.335 6.3889
151977.511 5.8333
151978.453 3.8889
151979.422 1.6667
151980.363 0
151981.288 0
151982.21 0
151983.098 0
151983.983 0
151984.897 0
151985.798 0
151987.02 1.3889
151987.941 3.6111
151988.846 5
151989.78 6.1111
151990.733 7.5
151991.655 8.8889
151992.593 10
151993.499 10.8333
151994.431 11.3889
151995.343 11.9444
151996.592 12.7778
151997.473 13.3333
151998.363 13.6111
151999.222 13.8889
152000.132 13.8889
152001.038 14.1667
152001.957 13.8889
152002.864 13.8889
152003.738 13.8889
152004.647 13.6111
152005.902 13.3333
152006.833 12.7778
152007.726 12.7778
152008.637 12.7778
152009.523 12.7778
152010.435 12.7778
152011.351 12.7778
152012.258 12.7778
152013.219 12.2222
152014.158 11.3889
152015.392 9.4444
152016.338 8.3333
152017.257 6.6667
152018.31 5.2778
152019.241 4.1667
152020.174 3.3333
152021.128 1.9444
152022.047 1.1111
152022.951 0
152023.88 0
152025.093 0
152025.992 0
152026.894 0
152027.8 0
152028.761 0
152029.656 0
152030.579 0
152031.486 0
152032.383 0
152033.317 0
152034.594 0
152035.541 0
152036.458 0
152037.401 0
152038.298 0
152039.254 0
152040.219 0
152041.115 0
152041.981 0
152042.862 0
152044.082 0
152045.003 0
152045.898 0
152046.784 0
152047.664 0
152048.54 0
152049.407 0
152050.312 0
152051.216 0
152052.133 0
152053.344 0
152054.25 0
152055.199 0
152056.132 0
152057.042 0
152057.935 0
152058.793 0
152059.694 0
152060.564 0
152061.447 0
152062.617 0
152063.521 0
152064.441 0
152065.369 0
152066.305 0
152067.223 0
152068.128 0
152069.082 1.1111
152070.027 3.0556
152070.935 4.7222
152072.217 6.3889
152073.123 7.5
152074.061 8.6111
152075.033 9.4444
152075.963 10
152076.891 10.5556
152077.838 11.1111
152078.758 11.6667
152079.706 12.2222
152080.622 12.7778
152081.88 13.3333
152082.8 13.6111
152083.731 13.6111
152084.691 13.6111
152085.635 13.6111
152086.566 13.6111
152087.474 13.3333
152088.407 13.0556
152089.315 12.5
152090.233 11.9444
152091.47 10.5556
152092.385 9.1667
152093.337 7.5
152094.348 5.2778
152095.294 3.3333
152096.428 1.6667
152097.415 0
152098.33 0
152099.269 0
152100.172 0
152101.402 0
152102.313 0
152103.246 0
152104.137 0
152105.048 1.1111
152105.973 2.5
152106.921 4.1667
152107.877 5.5556
152108.76 6.1111
152109.711 6.6667
152110.939 6.6667
152111.901 6.9444
152112.853 7.2222
152113.816 6.3889
152114.767 5.2778
152115.68 4.1667
152116.568 3.3333
152117.464 2.7778
152118.348 2.5
152119.269 1.9444
152120.531 2.2222
152121.441 3.0556
152122.373 4.4444
152123.268 5.2778
152124.181 6.1111
152125.071 6.1111
152125.948 6.1111
152126.836 5.5556
152127.779 5.2778
152128.724 5
152130.078 4.4444
152131.005 3.6111
152131.935 3.6111
152132.874 3.0556
152133.747 2.2222
152134.64 1.3889
152135.561 0
152136.478 0
152137.407 0
152138.324 0
152139.607 0
152140.569 0
152141.606 0
152142.542 0
152143.496 0
152144.447 0
152145.341 0
