0 0
0.885137 0
1.78927 0
2.71192 0
3.58371 0
4.74353 0
5.62112 0
6.5654 0
7.49156 0
8.37297 0
9.24694 0
10.1242 0
10.9964 0
11.8664 0
12.7485 0
13.911 0
14.7684 0
15.6923 0
16.5562 0
17.4302 0
18.3141 0
19.1813 0
20.0555 0
20.9259 0
21.7991 0
22.9734 0
23.8536 0
24.7284 0
25.6013 0
26.4664 0
27.3234 0
28.196 0
29.0795 0
29.9507 0
30.8383 0
31.9936 0
32.8685 0
33.7434 0
34.6051 0
35.479 0
36.3601 0
37.2514 0
38.0973 0
38.9572 0
39.8288 0
40.9947 0
41.8706 0
42.7304 0
43.6231 0
44.4912 0
45.3687 0
46.2453 0
47.1239 0
48.0028 0
48.8688 0
50.0224 0
50.8799 0
51.7535 0
52.6224 0
53.5077 0
54.5143 0
55.3824 0
56.2522 0
57.1316 0
58.0058 0
59.1839 0
60.0498 0
60.9039 0
61.7549 0
62.6349 0
63.5039 0
64.3892 0
65.2566 0
66.1298 0
67.005 0
68.176 0
69.0534 0
69.9305 0
70.8089 0
71.6799 0
72.582 0
73.5003 0
74.3516 0
75.2237 0
76.1041 0
77.2713 0
78.164 0
79.036 0
79.9174 0
80.7978 0
81.6706 0
82.5474 0
83.3975 0
84.2644 0
85.1378 0
86.2949 0
87.1718 0
88.0472 0
88.9242 0
89.7908 0
90.6588 0
91.5365 0
92.4035 0
93.4147 0
94.2734 0
95.4179 0
96.2944 0
97.1574 0
98.0341 0
98.899 0
99.7718 0
100.656 0
101.528 0
102.422 0
103.291 0
104.431 0
105.293 0
106.14 0
107.033 0
107.941 0
108.816 0
109.732 0
110.618 0
111.49 0
112.367 0
113.54 0
114.412 0
115.301 0
116.161 0
117.029 0
117.89 0
118.749 0
119.623 0
120.507 0
121.375 0
122.616 0
123.5 0
124.365 0
125.265 0
126.119 0
127.002 0
127.861 0
128.71 0
129.592 0
130.467 0
131.619 0
132.495 0
133.356 0
134.239 0
135.119 0
135.995 0
136.864 0
137.734 0
138.612 0
139.479 0
140.601 0
141.475 0
142.347 0
143.22 0
144.097 0
144.975 0
145.848 0
146.714 0
147.586 0
148.462 0
149.628 0
150.501 0
151.36 0
152.22 0
153.094 0
153.98 0
154.845 0
155.721 0
156.593 0
157.466 0
158.63 0
159.501 0
160.384 0
161.264 0
162.11 0
162.964 0
163.838 0
164.711 0
165.586 0
166.464 0
167.623 0
168.5 0
169.374 0
170.239 0
171.118 0
171.989 0
172.86 0
173.713 0
174.579 0
175.462 0
176.614 0
177.483 0
178.358 0
179.233 0
180.097 0
180.974 0
181.861 0
182.724 0
183.591 0
184.459 0
185.612 0
186.486 0
187.355 0
188.212 0
189.081 0
189.962 0
190.841 0
191.692 0
192.551 0
193.419 0
194.585 0
195.475 0
196.342 0
197.195 0
198.062 0
198.933 0
199.796 0
200.669 0
201.539 0
202.414 0
203.581 0
204.458 0
205.331 0
206.197 0
207.04 0
207.883 0
208.766 0
209.631 0
210.503 1.11111
211.376 1.94444
212.617 2.5
213.488 3.05556
214.354 3.33333
215.215 3.05556
216.091 3.33333
216.966 3.61111
217.841 3.88889
218.684 4.16667
219.544 4.72222
220.465 5.27778
221.747 6.11111
222.712 6.38889
223.681 6.38889
224.621 6.66667
225.588 6.94444
226.551 6.94444
227.47 7.22222
228.398 7.5
229.364 7.77778
230.219 8.05556
231.403 8.61111
232.312 8.05556
233.286 7.77778
234.425 7.22222
235.562 6.38889
236.798 5.27778
237.924 4.16667
239.058 2.5
240.183 1.66667
241.312 0
242.819 0.833333
243.945 1.66667
245.074 2.77778
246.203 4.16667
247.329 5
248.283 5.55556
249.153 5.27778
250.052 5
250.927 5
251.804 4.72222
252.964 4.16667
253.847 3.61111
254.728 3.05556
255.632 2.5
256.55 1.94444
257.435 1.38889
258.347 1.11111
259.287 0
260.196 0
261.114 0
262.455 0
263.345 0
264.284 0
265.252 0
266.203 0
267.137 0
268.043 0
268.966 0
269.913 0
270.827 0
272.094 0
273.061 0
274.003 0
274.944 0
275.872 0
276.968 0
277.975 0
278.921 0
279.848 0
280.792 0
282.032 0
282.934 0
283.849 0
284.741 0
285.653 0
286.532 0
287.396 0
288.271 0
289.164 0
290.066 0
291.297 0
292.198 0
293.047 0
293.999 0
294.921 0
295.841 0
296.769 0
297.636 0
298.507 0
299.477 0
300.694 0
301.601 0
302.473 0
303.337 0
304.218 0
305.14 0
306.08 0
307.097 0
308.023 0
308.947 0
310.194 0
311.139 0
312.034 0
312.909 0
313.804 0
314.696 0
315.601 0
316.526 0
317.44 0
318.372 0
319.652 0
320.61 1.38889
321.572 2.77778
322.51 4.16667
323.423 5
324.302 5.55556
325.172 6.38889
326.092 7.22222
327.013 8.05556
327.876 8.88889
329.01 9.72222
329.88 10.2778
330.743 10.5556
331.634 10.8333
332.536 11.1111
333.403 11.1111
334.309 11.3889
335.238 11.3889
336.143 11.6667
336.983 11.6667
338.281 11.9444
339.216 11.9444
340.109 12.2222
341.066 12.2222
341.981 12.2222
342.9 12.2222
343.787 11.9444
344.663 11.9444
345.553 11.9444
346.464 11.9444
347.728 11.9444
348.665 11.9444
349.601 11.9444
350.557 11.9444
351.515 12.2222
352.437 12.2222
353.376 12.2222
354.328 12.2222
355.213 12.2222
356.087 12.2222
357.262 11.9444
358.14 11.9444
359.052 12.2222
359.92 12.2222
360.825 12.5
361.707 12.5
362.582 12.7778
363.51 12.7778
364.4 13.0556
365.273 13.0556
366.443 12.5
367.315 12.2222
368.194 11.9444
369.155 11.9444
370.018 11.9444
370.932 11.9444
371.816 12.2222
372.744 12.2222
373.663 12.5
374.573 12.5
375.765 12.2222
376.69 11.9444
377.628 11.9444
378.521 11.6667
379.438 11.6667
380.385 11.6667
381.332 11.9444
382.298 12.2222
383.248 12.2222
384.182 12.5
385.442 12.5
386.394 12.2222
387.313 12.2222
388.255 11.6667
389.216 11.3889
390.184 11.3889
391.128 11.3889
392.035 10.8333
392.986 10
393.937 9.16667
395.213 7.77778
396.123 6.66667
397.096 5.55556
398.033 4.44444
398.939 3.33333
399.894 2.5
400.801 1.66667
401.758 1.11111
402.668 0
403.615 0
404.894 0
405.86 0
406.812 0
407.768 0
408.72 0
409.663 0
410.566 0
411.474 0
412.398 0
413.248 0
414.483 0
415.375 0
416.294 0
417.227 0
418.148 0
419.037 0
419.951 0
420.886 0
421.857 0
422.808 0
424.036 0
424.988 0
425.929 0
426.844 0
427.748 0
428.678 0
429.586 0
430.556 0
431.474 0
432.408 0
433.584 0
434.496 0
435.432 0
436.358 0
437.268 0
438.177 0
439.139 0
440.076 0
440.982 0
441.888 0
443.116 0
444.062 0
445.022 0
445.937 0
446.88 0
447.82 0
448.733 1.11111
449.687 2.22222
450.632 3.33333
451.516 3.61111
452.768 4.16667
453.72 4.72222
454.644 5
455.603 5.55556
456.54 5.55556
457.434 5.83333
458.339 6.66667
459.288 7.22222
460.184 7.5
461.143 7.77778
462.415 8.61111
463.341 9.16667
464.283 9.72222
465.206 10.2778
466.158 10.8333
467.122 11.1111
468.041 11.3889
468.944 11.6667
469.86 11.3889
470.799 11.3889
472.081 11.3889
473.04 11.3889
474.015 11.3889
474.946 11.1111
475.847 11.1111
476.727 11.1111
477.595 11.1111
478.474 11.1111
479.362 10.8333
480.248 10.8333
481.432 10.8333
482.312 10.8333
483.218 10.8333
484.09 10.8333
485.021 10.5556
485.948 10.2778
486.851 10.2778
487.758 10
488.677 9.44444
489.593 8.61111
490.784 8.05556
491.743 7.77778
492.688 7.5
493.595 7.22222
494.509 7.5
495.455 7.77778
496.379 7.5
497.287 7.22222
498.144 7.22222
499.054 6.94444
500.261 6.38889
501.203 6.11111
502.127 6.11111
503.003 6.11111
503.91 5.83333
504.859 5.27778
505.766 4.72222
506.743 4.44444
507.661 3.33333
508.582 2.77778
509.821 2.22222
510.766 1.66667
511.69 1.11111
512.595 0
513.504 0
514.467 0
515.37 0
516.326 0
517.359 0
518.292 0
519.52 0
520.426 0
521.367 0
522.304 0
523.27 0
524.209 0
525.14 0
526.098 0
527.054 0
527.974 0
529.18 0
530.142 0
531.05 0
531.975 0
532.89 0
533.832 0
534.739 0
535.669 0
536.596 0
537.544 1.38889
538.779 2.22222
539.729 2.22222
540.649 2.77778
541.601 3.61111
542.533 4.44444
543.452 4.72222
544.358 5.55556
545.3 6.38889
546.249 6.66667
547.179 6.94444
548.442 6.94444
549.361 7.22222
550.3 7.5
551.249 8.05556
552.169 8.05556
553.123 8.33333
554.057 8.33333
554.982 8.61111
555.942 8.61111
556.898 8.88889
558.161 8.88889
559.118 8.88889
560.04 9.16667
560.975 9.16667
561.912 8.88889
562.831 8.61111
563.807 8.05556
564.767 7.77778
565.713 6.94444
566.635 5.83333
567.904 5
568.848 4.72222
569.765 4.72222
570.651 5
571.531 4.72222
572.401 4.72222
573.351 5.27778
574.283 5.83333
575.199 6.11111
576.111 6.66667
577.357 7.5
578.279 7.77778
579.166 7.5
580.069 7.22222
581.006 6.94444
581.915 6.66667
582.87 6.11111
583.776 5.27778
584.712 4.44444
585.62 3.61111
586.826 2.22222
587.747 1.38889
588.684 0
589.581 0
590.493 0
591.418 0
592.345 0
593.3 0
594.213 0
595.158 1.94444
596.38 3.33333
597.336 3.33333
598.252 3.05556
599.138 2.77778
600.07 2.77778
601.043 3.05556
601.99 3.33333
602.913 3.61111
603.856 4.44444
604.76 5.27778
606.032 6.38889
606.935 7.22222
607.86 7.5
608.799 7.77778
609.673 8.05556
610.622 8.05556
611.551 8.33333
612.461 8.61111
613.356 8.88889
614.287 9.16667
615.443 9.44444
616.399 9.44444
617.311 9.16667
618.239 8.88889
619.148 8.88889
620.072 8.61111
620.977 8.05556
621.921 7.5
622.884 6.11111
623.784 4.72222
625.064 2.77778
626.019 1.38889
626.976 0
627.938 0
628.833 0
629.734 0
630.657 0
631.569 0
632.489 0
633.424 0
634.65 0
635.618 0
636.562 0
637.442 0
638.383 0
639.36 0
640.309 0
641.269 0
642.181 0
643.122 0
644.371 0
645.279 0
646.225 0
647.144 0
648.02 0
648.954 0
649.88 0
650.763 0
651.681 0
652.638 0
653.869 0
654.813 1.66667
655.763 2.77778
656.695 3.33333
657.65 3.88889
658.576 4.16667
659.479 4.72222
660.414 5.27778
661.298 6.11111
662.222 6.94444
663.423 7.5
664.372 7.77778
665.329 8.05556
666.242 8.05556
667.169 7.77778
668.116 7.22222
669.01 6.94444
669.901 6.66667
670.785 6.11111
671.681 5
672.902 3.61111
673.807 3.05556
674.716 3.05556
675.62 3.33333
676.509 3.88889
677.403 4.16667
678.396 4.72222
679.306 5
680.219 5.27778
681.13 6.11111
682.353 6.94444
683.271 7.77778
684.207 8.05556
685.13 8.33333
686.044 8.05556
686.976 8.33333
687.887 8.33333
688.809 8.61111
689.728 8.61111
690.611 8.88889
691.749 8.88889
692.627 9.16667
693.486 9.16667
694.354 9.16667
695.254 8.88889
696.133 8.61111
697.042 8.33333
697.938 7.77778
698.835 6.94444
699.761 5.27778
701.004 3.05556
701.907 1.66667
702.819 0
703.718 0
704.621 0
705.576 0
706.514 0
707.389 0
708.288 0
709.186 0
710.365 0
711.279 0
712.19 0
713.073 0
714.01 0
714.962 0
715.932 0
716.868 0
717.792 0
718.738 0
719.947 0
720.881 0
721.808 0
722.732 0
723.68 0
724.642 0
725.581 0
726.444 0
727.362 0
728.261 0
729.469 0
730.385 0
731.291 0
732.23 0
733.161 0
734.076 0
734.978 0
735.902 0
736.838 0
737.761 0
739.034 0
739.939 0
740.869 0
741.791 0
742.73 0
743.688 0
744.628 0
745.552 0
746.451 0
747.353 0
748.564 0
749.511 0
750.461 0
751.413 0
752.339 0
753.228 0
754.143 0
755.068 0
755.979 0
756.972 0
758.3 1.11111
759.265 2.22222
760.189 3.05556
761.077 3.88889
762.015 4.44444
762.977 4.72222
763.946 5
764.894 5.27778
765.772 5.83333
766.663 6.38889
767.864 6.94444
768.759 7.5
769.665 8.05556
770.599 8.61111
771.492 8.61111
772.403 7.77778
773.338 7.5
774.222 6.94444
775.156 6.11111
776.103 5
777.356 3.05556
778.287 1.38889
779.211 0
780.162 0
781.094 0
782.025 0
782.95 0
783.908 0
784.862 0
785.787 0
787.035 0
787.965 1.11111
788.872 2.5
789.772 3.61111
790.671 4.72222
791.6 5.27778
792.54 5.83333
793.483 6.38889
794.428 6.94444
795.342 7.5
796.575 8.05556
797.541 8.61111
798.47 8.88889
799.401 9.16667
800.321 9.44444
801.209 9.16667
802.159 9.16667
803.105 9.16667
804.062 9.16667
804.971 9.16667
806.21 9.16667
807.11 9.16667
807.995 9.16667
808.921 8.33333
809.831 7.5
810.773 6.38889
811.682 5.83333
812.599 5.55556
813.506 5.55556
814.455 6.38889
815.691 7.22222
816.625 7.77778
817.567 8.05556
818.469 8.33333
819.398 8.33333
820.326 8.61111
821.271 8.88889
822.187 8.88889
823.137 9.16667
824.089 9.44444
825.336 9.44444
826.277 9.44444
827.201 9.44444
828.141 9.44444
829.081 9.16667
829.996 9.16667
830.94 9.16667
831.883 9.44444
832.757 9.44444
833.676 9.44444
834.872 9.44444
835.766 8.88889
836.648 8.05556
837.531 8.05556
838.482 8.33333
839.443 8.33333
840.38 8.61111
841.307 8.61111
842.23 8.88889
843.162 9.16667
844.384 9.44444
845.341 9.44444
846.253 9.72222
847.17 9.72222
848.101 9.72222
849.064 10
850.001 10
850.953 10
851.869 10
852.807 9.16667
854.049 7.5
854.996 6.11111
855.911 4.72222
856.854 4.16667
857.768 3.88889
858.689 3.88889
859.609 3.88889
860.541 3.61111
861.496 2.77778
862.423 1.94444
863.681 0
864.621 0
865.545 0
866.415 0
867.309 0
868.182 0
869.076 0
869.985 0
870.883 0
871.837 0
873.058 0
874.01 0.833333
874.971 0.833333
875.929 0.833333
876.899 0
877.856 0
878.816 0
879.727 0
880.667 1.11111
881.561 1.38889
882.802 0
883.747 0
884.714 1.38889
885.584 2.5
886.451 3.61111
887.376 4.44444
888.332 4.44444
889.272 4.44444
890.16 4.44444
891.105 4.72222
892.381 4.72222
893.34 5
894.25 5.55556
895.195 5.83333
896.099 5.83333
897.062 6.11111
897.993 6.38889
898.92 6.66667
899.87 6.66667
900.819 6.11111
902.087 5.27778
903.006 4.44444
903.971 3.61111
904.899 3.05556
905.826 2.22222
906.723 1.66667
907.678 0
908.627 0
909.544 0
910.492 0
911.742 0
912.663 0
913.614 0
914.522 0
915.447 0
916.402 0
917.345 0
918.299 0
919.221 0
920.17 0
921.415 0
922.324 0
923.299 0
924.138 0
925.072 0
925.985 0
926.889 0
927.793 0
928.671 0
929.532 0
930.675 0
931.559 0
932.427 0
933.32 0
934.196 0
935.065 0
935.953 0
936.876 0
937.808 0
938.74 0
939.959 0
940.898 0
941.831 0
942.73 0
943.639 0
944.57 0
945.494 0
946.401 0
947.299 0
948.223 0
949.402 0
950.274 0
951.152 0
952.072 0
953.016 0
953.926 0
954.869 0
955.809 0
956.715 0
957.673 0
958.941 2.22222
959.858 3.33333
960.792 3.88889
961.741 4.44444
962.66 4.72222
963.585 5.27778
964.454 5.55556
965.336 5.55556
966.244 6.11111
967.331 6.94444
969.058 8.33333
970.013 8.61111
970.974 8.88889
971.921 9.16667
972.863 9.16667
973.785 9.44444
974.708 9.44444
975.651 9.44444
976.574 9.16667
977.439 8.88889
978.627 9.16667
979.513 8.88889
980.434 8.33333
981.344 7.5
982.231 6.38889
983.138 5.27778
984.028 4.44444
984.942 3.88889
985.807 2.77778
986.678 1.94444
987.878 0
988.767 0
989.649 0
990.543 0
991.473 0
992.412 0
993.362 0
994.274 0
995.2 0
996.125 0
997.322 0
998.198 0
999.106 0
1000.02 0
1000.93 0
1001.85 0
1002.73 0
1003.69 1.66667
1004.63 2.5
1005.55 3.61111
1006.82 4.44444
1007.77 5
1008.72 5.55556
1009.64 5.83333
1010.53 6.11111
1011.43 6.38889
1012.33 6.66667
1013.24 6.66667
1014.18 6.94444
1015.14 6.66667
1016.42 6.66667
1017.38 6.66667
1018.34 6.66667
1019.29 6.66667
1020.22 6.66667
1021.12 6.94444
1022.03 7.22222
1022.95 7.22222
1023.86 7.22222
1024.77 7.22222
1026.02 7.5
1026.97 7.22222
1027.87 7.22222
1028.8 7.22222
1029.68 7.22222
1030.56 6.66667
1031.5 6.38889
1032.42 6.11111
1033.37 5.83333
1034.34 5.27778
1035.6 4.72222
1036.52 3.61111
1037.43 3.05556
1038.34 2.22222
1039.26 1.38889
1040.2 0
1041.11 0
1041.97 0
1042.89 0
1043.76 0
1044.92 0
1045.86 0
1046.82 0
1047.77 0
1048.73 0
1049.7 0
1050.66 0
1051.54 0
1052.45 0
1053.39 0
1054.59 1.38889
1055.48 3.05556
1056.4 4.44444
1057.36 5
1058.24 5.83333
1059.14 6.66667
1060.06 6.94444
1061 7.5
1061.91 8.05556
1062.82 8.33333
1064.08 8.88889
1064.98 8.88889
1065.91 8.61111
1066.84 8.88889
1067.77 8.88889
1068.69 8.88889
1069.59 8.88889
1070.5 8.61111
1071.42 8.33333
1072.31 8.05556
1073.54 7.77778
1074.46 7.77778
1075.37 7.5
1076.32 7.22222
1077.26 6.66667
1078.16 6.38889
1079.06 5.55556
1079.97 4.72222
1080.9 3.33333
1081.81 2.22222
1083.04 1.11111
1083.97 0
1084.89 0
1085.8 0
1086.72 0
1087.63 0
1088.56 0
1089.49 0
1090.44 0
1091.35 0
1092.58 0
1093.53 0
1094.47 0
1095.43 0
1096.34 0
1097.24 0
1098.16 0
1099.07 0
1099.99 0
1100.9 0
1102.16 0
1103.11 0
1104.04 0
1104.98 0
1105.88 0
1106.83 0
1107.74 0
1108.66 0
1109.59 0
1110.5 1.11111
1111.77 1.38889
1112.74 1.66667
1113.66 1.38889
1114.58 1.38889
1115.54 1.11111
1116.45 0.833333
1117.38 0
1118.29 0
1119.2 0
1120.25 0
1121.5 0
1122.41 0.833333
1123.31 1.66667
1124.25 3.05556
1125.19 4.16667
1126.11 5
1127.01 5.55556
1127.97 5.83333
1128.9 6.66667
1129.82 7.5
1131.06 8.33333
1131.99 8.33333
1132.96 8.33333
1133.91 8.61111
1134.83 8.33333
1135.79 8.05556
1136.74 7.5
1137.7 6.11111
1138.64 4.72222
1139.55 3.05556
1140.81 1.38889
1141.76 0
1142.64 1.38889
1143.58 2.5
1144.54 3.61111
1145.45 4.44444
1146.38 5
1147.3 5.55556
1148.23 6.11111
1149.53 6.94444
1150.78 7.77778
1151.65 8.61111
1152.55 8.88889
1153.5 8.88889
1154.43 9.16667
1155.35 9.16667
1156.27 9.16667
1157.19 9.16667
1158.08 9.16667
1158.99 8.88889
1160.22 8.88889
1161.06 8.88889
1162.01 8.61111
1162.96 8.61111
1163.86 8.05556
1164.81 7.5
1165.73 6.66667
1166.68 5.55556
1167.58 4.72222
1168.54 4.16667
1169.83 2.77778
1170.78 1.94444
1171.74 1.11111
1172.7 0
1173.64 0
1174.52 0
1175.46 0
1176.42 0
1177.36 0
1178.27 0
1179.46 0
1180.37 0
1181.28 0
1182.24 0
1183.14 0
1184.1 0
1185.04 0
1185.95 0
1186.89 0
1187.81 1.11111
1189.07 3.05556
1190.02 4.44444
1190.95 5.27778
1191.9 6.11111
1192.85 6.94444
1193.81 7.77778
1194.74 8.33333
1195.68 8.88889
1196.61 9.44444
1197.52 9.72222
1198.73 10
1199.64 10.2778
1200.52 10.2778
1201.41 10.2778
1202.32 10
1203.2 10
1204.08 10
1205.01 9.72222
1205.92 9.44444
1206.87 9.16667
1208.09 8.61111
1209.06 7.77778
1210.01 6.66667
1210.98 5
1211.91 3.33333
1212.85 1.66667
1213.77 0
1214.69 0
1215.63 0
1216.53 0
1217.72 0
1218.62 0
1219.49 0
1220.35 0
1221.22 0
1222.07 0
1222.96 0
1223.85 0
1224.78 0
1225.65 0
1226.84 0
1227.74 0
1228.68 0
1229.59 0
1230.49 0
1231.4 0
1232.32 0
1233.24 0
1234.14 0
1235.06 0
1236.31 0
1237.23 0
1238.12 0
1239.02 0
1239.96 0
1240.85 0
1241.76 0
1242.66 0
1243.61 0
1244.52 0
1245.78 0
1246.73 0
1247.64 0
1248.55 0
1249.51 0
1250.46 0
1251.37 0
1252.31 0
1253.23 0
1254.18 0
1255.41 0
1256.34 0
1257.22 0
1258.13 0
1259.03 0
1259.92 0
1260.84 0
1261.8 1.66667
1262.73 1.94444
1263.65 1.66667
1264.87 0
1265.76 0
1266.68 0
1267.61 0.833333
1268.54 1.11111
1269.43 1.38889
1270.33 1.66667
1271.28 2.22222
1272.23 3.05556
1273.16 3.88889
1274.35 4.72222
1275.26 5.27778
1276.13 6.11111
1277.02 6.66667
1277.94 7.5
1278.88 7.77778
1279.8 8.33333
1280.74 8.33333
1281.7 8.05556
1282.62 7.77778
1283.83 7.22222
1284.76 6.11111
1285.67 5.27778
1286.62 4.44444
1287.56 3.33333
1288.46 1.94444
1289.38 1.11111
1290.28 0
1291.16 0
1292.05 0
1293.26 0
1294.18 0
1295.13 0
1296.09 0
1297 0
1297.9 0
1298.82 0
1299.75 0
1300.64 0
1301.57 0
1302.77 0
1303.65 1.11111
1304.55 2.77778
1305.49 4.16667
1306.39 5
1307.36 5.55556
1308.26 5.83333
1309.22 5.83333
1310.16 6.38889
1311.13 6.66667
1312.4 6.94444
1313.36 6.94444
1314.33 7.22222
1315.23 7.22222
1316.17 7.22222
1317.1 7.5
1318.04 7.5
1318.96 7.5
1319.9 7.5
1320.84 6.94444
1322.06 6.66667
1322.96 6.38889
1323.93 6.38889
1324.88 6.11111
1325.85 6.11111
1326.79 5.83333
1327.67 5.55556
1328.55 5.83333
1329.45 5.83333
1330.35 5.83333
1331.55 5.55556
1332.43 5
1333.3 4.72222
1334.21 4.72222
1335.14 4.44444
1336.09 5
1336.99 5.27778
1337.9 5.55556
1338.85 5.27778
1339.8 5.27778
1341.02 5
1341.91 5.27778
1342.82 5.27778
1343.78 5.27778
1344.69 5.55556
1345.63 5.27778
1346.54 5
1347.48 4.72222
1348.4 4.72222
1349.34 4.44444
1350.62 4.16667
1351.56 4.16667
1352.48 4.44444
1353.38 4.44444
1354.34 4.72222
1355.28 4.72222
1356.25 4.72222
1357.11 4.72222
1358.1 4.72222
1358.98 4.44444
1360.17 4.72222
1361.06 4.44444
1362 4.72222
1362.94 5
1363.86 5
1364.76 5.27778
1365.7 5
1366.58 4.44444
1367.5 4.16667
1368.42 3.88889
1369.6 3.33333
1370.51 2.22222
1371.4 1.38889
1372.32 0
1373.25 0
1374.16 0
1375.13 0
1376.08 0
1377 0
1377.93 0
1379.15 0
1380.07 0
1381.01 0
1381.89 0
1382.81 0
1383.76 1.11111
1384.84 2.5
1385.74 3.61111
1386.65 4.16667
1387.55 4.72222
1388.79 5
1389.71 4.16667
1390.63 3.05556
1391.52 2.5
1392.48 2.5
1393.39 2.77778
1394.34 3.33333
1395.28 3.88889
1396.19 4.44444
1397.13 4.44444
1398.36 5
1399.26 5.55556
1400.16 6.11111
1401.03 6.66667
1401.96 7.22222
1402.89 7.77778
1403.86 8.05556
1404.77 8.05556
1405.67 7.77778
1406.64 7.5
1407.88 6.94444
1408.8 6.11111
1409.71 5.27778
1410.64 4.16667
1411.55 2.77778
1412.47 1.66667
1413.38 0
1414.32 0
1415.26 0
1416.15 0
1417.38 0
1418.34 0
1419.28 0
1420.25 0
1421.21 0
1422.13 1.11111
1423.04 2.77778
1423.98 4.16667
1424.91 5
1425.78 5.55556
1426.94 6.38889
1427.82 6.94444
1428.68 7.5
1429.56 8.33333
1430.45 8.88889
1431.36 9.16667
1432.28 9.44444
1433.22 9.44444
1434.15 9.44444
1435.05 9.44444
1436.26 9.44444
1437.08 9.72222
1437.98 9.72222
1438.89 9.72222
1439.8 9.72222
1440.69 9.44444
1441.61 9.44444
1442.5 8.61111
1443.36 7.77778
1444.24 6.66667
1445.43 5
1446.33 4.16667
1447.27 3.88889
1448.22 4.44444
1449.13 5.27778
1450.06 6.11111
1450.94 6.66667
1451.84 7.22222
1452.76 7.77778
1453.67 8.33333
1454.93 8.88889
1455.9 9.16667
1456.82 9.44444
1457.78 9.44444
1458.69 9.44444
1459.61 9.44444
1460.58 9.44444
1461.53 9.16667
1462.5 8.33333
1463.46 7.77778
1464.73 7.5
1465.69 7.22222
1466.64 7.22222
1467.56 7.22222
1468.49 7.22222
1469.42 7.22222
1470.35 7.22222
1471.27 6.94444
1472.23 5.55556
1473.18 3.33333
1474.43 1.11111
1475.3 0
1476.2 0
1477.13 0
1478.1 0
1479.02 0
1479.96 0
1480.9 0
1481.82 0
1482.77 0
1483.99 0
1484.9 0
1485.79 0
1486.7 0
1487.65 0
1488.6 0
1489.51 0
1490.44 0
1491.36 0
1492.31 0
1493.49 0
1494.37 0
1495.25 0
1496.14 0
1496.98 0
1497.83 0
1498.7 0
1499.59 0
1500.45 0
1501.32 0
1502.48 0
1503.39 0
1504.23 0
1505.12 0
1506.01 0
1506.85 0
1507.72 0
1508.6 0
1509.46 0
1510.32 0
1511.49 0
1512.39 0
1513.28 0
1514.16 0
1515.05 0
1515.9 0
1516.78 0
1517.68 0
1518.6 0
1519.52 0
1520.75 0
1521.71 0
1522.66 0
1523.61 0
1524.51 0
1525.4 0
1526.32 0
1527.19 0
1528.09 0
1528.95 0
1530.2 0
1531.12 1.66667
1532.05 2.5
1533.01 1.66667
1533.9 0
1534.82 0
1535.76 0
1536.73 0
1537.64 0
1538.54 0
1539.75 0
1540.7 0
1541.6 0
1542.51 0
1543.47 0.833333
1544.41 2.22222
1545.39 3.61111
1546.34 4.44444
1547.3 5
1548.24 5.55556
1549.5 6.38889
1550.45 6.94444
1551.4 7.77778
1552.31 8.33333
1553.19 8.61111
1554.14 8.33333
1555.08 8.05556
1556 7.5
1556.9 6.66667
1557.79 6.11111
1558.98 5
1559.91 4.16667
1560.82 3.05556
1561.7 1.66667
1562.62 0
1563.56 0
1564.5 0
1565.42 0
1566.37 0
1567.32 0
1568.56 0
1569.5 0
1570.46 0
1571.41 0
1572.32 0.833333
1573.23 1.38889
1574.19 2.22222
1575.12 2.22222
1576.04 1.66667
1576.95 1.38889
1578.16 0
1579.09 0
1580 0
1580.91 0
1581.87 0
1582.8 0
1583.78 0
1584.74 1.11111
1585.69 1.94444
1586.66 2.5
1587.92 3.33333
1588.89 4.16667
1589.86 5
1590.81 6.11111
1591.76 6.94444
1592.65 7.5
1593.59 8.05556
1594.48 8.33333
1595.37 8.61111
1596.32 8.61111
1597.59 8.88889
1598.49 8.88889
1599.36 9.16667
1600.27 9.16667
1601.17 9.16667
1602.1 8.88889
1603.03 8.88889
1603.94 8.88889
1604.89 8.61111
1605.82 8.61111
1607.07 7.77778
1607.96 6.94444
1608.9 6.11111
1609.81 4.72222
1610.71 3.05556
1611.68 1.66667
1612.68 1.11111
1613.6 0
1614.56 0
1615.47 0
1616.74 0
1617.69 0
1618.68 1.11111
1619.62 2.22222
1620.58 3.05556
1621.52 3.33333
1622.45 3.61111
1623.37 3.88889
1624.33 4.72222
1625.28 5.55556
1626.51 6.38889
1627.39 7.22222
1628.27 7.5
1629.21 7.77778
1630.17 7.5
1631.13 6.94444
1632.04 6.66667
1632.96 6.11111
1633.87 5.27778
1634.78 4.44444
1636.01 2.77778
1636.95 1.66667
1637.89 1.11111
1638.75 0
1639.63 0
1640.49 0
1641.35 0
1642.25 0
1643.14 0
1644 0
1645.16 0
1646.02 0
1646.93 0
1647.81 0
1648.71 0
1649.6 0
1650.53 0
1651.49 0
1652.45 0
1653.4 0
1654.62 0
1655.53 0
1656.43 0
1657.5 0
1658.44 0
1659.35 0
1660.26 0
1661.2 0
1662.17 1.66667
1663.13 2.77778
1664.37 2.77778
1665.34 1.94444
1666.23 1.11111
1667.16 0
1668.08 1.38889
1669 2.77778
1669.92 4.16667
1670.88 5.27778
1671.78 5.83333
1672.73 6.66667
1673.98 7.5
1674.93 8.33333
1675.84 9.16667
1676.74 9.72222
1677.62 10
1678.55 10.5556
1679.47 10.5556
1680.38 10.8333
1681.33 10.8333
1682.23 10.5556
1683.49 10.2778
1684.44 10.2778
1685.33 10.2778
1686.25 10
1687.2 9.72222
1688.1 9.16667
1689.04 8.33333
1689.96 7.77778
1690.9 7.5
1691.8 7.77778
1693.06 8.05556
1693.96 8.33333
1694.88 8.61111
1695.8 8.88889
1696.74 8.88889
1697.69 8.88889
1698.66 8.88889
1699.6 9.16667
1700.52 9.72222
1701.45 9.72222
1702.69 9.72222
1703.63 9.72222
1704.53 9.72222
1705.44 9.44444
1706.34 9.16667
1707.29 8.61111
1708.24 7.5
1709.17 6.38889
1710.11 5
1711.03 4.72222
1712.23 4.72222
1713.15 5.27778
1714.08 5.83333
1715 6.66667
1715.92 7.22222
1716.84 7.5
1717.74 6.66667
1718.61 5.55556
1719.49 4.16667
1720.4 2.22222
1721.63 0
1722.53 0
1723.48 0
1724.4 0
1725.35 0
1726.29 0
1727.23 0
1728.16 0
1729.1 0
1729.99 0
1731.22 0
1732.12 0
1733.03 0
1733.98 0
1734.88 0
1735.85 0
1736.79 0
1737.69 0
1738.64 0
1739.6 0
1740.88 0
1741.82 0
1742.77 0
1743.69 0
1744.63 0
1745.56 0
1746.47 0
1747.36 0
1748.3 0
1749.21 0
1750.41 0
1751.32 0
1752.26 0
1753.15 0
1754.06 0
1754.98 0
1755.91 0
1756.81 0
1757.72 0
1758.66 0
1759.88 0
1760.79 0
1761.7 0
1762.63 0
1763.54 0
1764.45 0
1765.39 0
1766.3 0
1767.25 0
1768.16 0
1769.37 0
1770.3 0
1771.22 0
1772.12 0
1773.04 1.38889
1773.97 3.05556
1774.9 4.44444
1775.82 5.27778
1776.74 6.38889
1777.68 6.94444
1778.88 7.77778
1779.8 8.05556
1780.71 8.05556
1781.6 7.77778
1782.56 7.5
1783.47 7.77778
1784.42 8.05556
1785.36 8.88889
1786.28 9.44444
1787.2 9.72222
1788.44 10.2778
1789.3 10.5556
1790.23 10.5556
1791.15 10.8333
1792.1 10.8333
1793.08 11.1111
1794 11.1111
1794.97 11.1111
1795.91 10.8333
1796.84 10.8333
1798.09 10.8333
1799.06 10.8333
1800.01 10.8333
1800.97 11.1111
1801.92 10.8333
1802.85 10.8333
1803.8 10.8333
1804.72 10.8333
1805.67 10.5556
1806.62 10.5556
1807.91 10.5556
1808.89 10.5556
1809.83 10.5556
1810.79 10.5556
1811.69 10.5556
1812.64 10.5556
1813.6 10.2778
1814.55 10.2778
1815.48 10.2778
1816.42 10.2778
1817.7 10.5556
1818.67 10.8333
1819.61 10.8333
1820.57 11.1111
1821.52 11.1111
1822.49 11.3889
1823.44 11.3889
1824.37 11.3889
1825.32 11.1111
1826.21 11.1111
1827.45 10.8333
1828.38 10.8333
1829.29 10.5556
1830.25 10.2778
1831.18 10
1832.11 10.2778
1833.03 10.2778
1833.92 10.5556
1834.83 10.8333
1835.75 11.1111
1837.02 11.3889
1837.94 11.1111
1838.87 11.1111
1839.78 11.1111
1840.74 11.1111
1841.69 11.1111
1842.66 11.1111
1843.56 11.1111
1844.44 11.3889
1845.36 11.3889
1846.57 11.3889
1847.46 11.3889
1848.4 11.3889
1849.36 11.3889
1850.29 11.1111
1851.21 11.1111
1852.15 11.1111
1853.07 11.1111
1853.96 11.3889
1854.88 11.3889
1856.07 10.8333
1856.93 10.2778
1857.86 9.44444
1858.79 7.77778
1859.74 5.55556
1860.68 3.61111
1861.61 1.94444
1862.51 0
1863.42 0
1864.37 0
1865.61 0
1866.54 0
1867.49 0
1868.44 0
1869.31 0
1870.18 0
1871.03 0
1871.88 0
1872.8 0
1873.76 0
1875.04 0
1875.96 0
1876.9 0
1877.83 0
1878.69 0
1879.61 0
1880.52 0
1881.39 0
1882.27 0
1883.15 0
1884.5 0
1885.44 0
1886.37 0
1887.33 0
1888.24 0
1889.18 0
1890.13 0
1891.03 0
1891.94 0
1892.89 0
1894.11 0
1895.03 0
1895.97 0
1896.93 0
1897.8 0
1898.72 0
1899.63 0
1900.57 0
1901.47 0
1902.36 0
1903.57 0
1904.48 0
1905.36 0
1906.28 0
1907.21 0
1908.14 0
1908.99 0
1909.86 0
1910.76 0
1911.65 0
1912.84 0
1913.71 0
1914.65 0
1915.6 0
1916.51 0
1917.42 0
1918.32 0
1919.25 0
1920.16 0
1921.1 0
1922.34 0
1923.3 0
1924.3 0
1925.22 0
1926.16 0
1927.14 0
1928.09 0
1929.04 0
1929.96 0
1930.88 0
1932.13 0
1933.04 0
1933.99 0
1934.95 0
1935.9 0
1936.87 0
1937.77 0
1938.68 0
1939.62 0
1940.56 0
1941.85 0
1942.78 0
1943.73 0
1944.64 0
1945.59 0
1946.5 0
1947.44 0
1948.38 0
1949.32 0
1950.24 0
1951.46 0
1952.42 0
1953.35 0
1954.28 0
1955.22 0
1956.14 0
1957.1 0
1957.99 0
1958.94 0
1959.85 1.11111
1961.06 3.05556
1961.98 4.16667
1962.93 5
1963.85 5.55556
1964.8 6.11111
1965.73 6.94444
1966.64 7.77778
1967.59 8.61111
1968.55 9.16667
1969.5 10
1970.72 10.8333
1971.68 11.1111
1972.64 11.3889
1973.56 11.6667
1974.44 11.9444
1975.36 12.2222
1976.3 12.5
1977.24 12.7778
1978.18 13.0556
1979.11 13.0556
1980.38 13.3333
1981.31 13.3333
1982.23 13.3333
1983.14 13.6111
1984.05 13.6111
1984.95 13.6111
1985.91 13.8889
1986.85 13.8889
1987.68 13.8889
1988.57 14.1667
1989.76 14.4444
1990.62 14.7222
1991.51 15
1992.42 15
1993.31 15.2778
1994.25 15.5556
1995.18 15.5556
1996.06 15.5556
1996.97 15.2778
1997.9 15.2778
1999.08 15
2000.01 14.7222
2000.93 14.7222
2001.89 14.4444
2002.84 14.1667
2003.74 13.8889
2004.66 14.1667
2005.57 14.4444
2006.49 14.4444
2007.44 14.4444
2008.63 14.4444
2009.51 14.4444
2010.37 14.4444
2011.24 14.1667
2012.12 14.1667
2013.01 13.8889
2013.89 13.6111
2014.77 13.6111
2015.67 13.0556
2016.56 13.0556
2017.75 13.0556
2018.66 12.7778
2019.61 13.0556
2020.58 13.0556
2021.54 13.3333
2022.48 13.3333
2023.38 13.6111
2024.3 13.6111
2025.23 13.6111
2026.15 13.6111
2027.45 13.8889
2028.35 13.6111
2029.28 13.6111
2030.19 13.3333
2031.15 13.3333
2032.11 13.3333
2033.12 13.3333
2034.03 13.3333
2034.97 13.3333
2035.92 13.3333
2037.11 13.0556
2038.05 12.7778
2039 11.9444
2039.9 11.1111
2040.78 10.2778
2041.7 9.16667
2042.66 8.61111
2043.58 7.77778
2044.48 6.94444
2045.41 6.38889
2046.67 6.38889
2047.58 6.66667
2048.46 7.5
2049.35 8.33333
2050.25 9.16667
2051.17 9.44444
2052.08 9.72222
2052.99 9.72222
2053.88 10
2054.79 10.5556
2055.95 10.8333
2056.82 10.8333
2057.72 10.8333
2058.63 11.1111
2059.53 11.3889
2060.46 11.6667
2061.41 11.9444
2062.32 11.9444
2063.28 11.9444
2064.22 11.9444
2065.44 11.9444
2066.33 11.9444
2067.22 12.2222
2068.18 12.2222
2069.08 12.2222
2070.05 12.5
2071.01 12.7778
2071.91 12.7778
2072.86 13.0556
2073.77 13.0556
2074.98 13.0556
2075.93 13.0556
2076.89 12.7778
2077.8 12.7778
2078.89 12.7778
2079.83 12.7778
2080.78 12.5
2081.69 11.9444
2082.64 11.3889
2083.59 10.8333
2084.83 9.72222
2085.76 8.88889
2086.69 7.77778
2087.64 6.66667
2088.58 5.55556
2089.5 4.72222
2090.46 3.33333
2091.4 2.22222
2092.31 2.22222
2093.22 3.61111
2094.48 5.27778
2095.39 6.38889
2096.32 7.5
2097.25 8.61111
2098.21 9.72222
2099.16 10.5556
2100.08 11.3889
2101.02 11.6667
2101.99 12.2222
2102.92 12.5
2104.11 12.7778
2105.03 12.7778
2105.92 12.7778
2106.82 12.7778
2107.75 13.0556
2108.69 13.0556
2109.61 13.0556
2110.55 13.0556
2111.47 13.0556
2112.42 13.3333
2113.7 13.3333
2114.66 13.3333
2115.61 13.0556
2116.57 13.0556
2117.47 13.0556
2118.39 13.0556
2119.39 13.0556
2120.3 13.0556
2121.25 13.0556
2122.18 13.0556
2123.35 13.0556
2124.27 13.0556
2125.21 13.0556
2126.14 13.0556
2127.05 13.3333
2127.94 13.3333
2128.86 13.3333
2129.79 13.3333
2130.67 13.3333
2131.62 13.6111
2132.84 13.8889
2133.75 13.8889
2134.64 14.1667
2135.55 14.1667
2136.43 13.8889
2137.3 13.6111
2138.21 13.6111
2139.09 13.6111
2139.98 13.6111
2140.85 13.3333
2142.05 13.0556
2142.93 13.0556
2143.85 13.0556
2144.73 13.3333
2145.64 13.6111
2146.57 13.6111
2147.52 13.6111
2148.45 13.6111
2149.42 13.3333
2150.38 13.0556
2151.64 12.5
2152.56 12.2222
2153.5 11.6667
2154.44 11.3889
2155.38 11.1111
2156.33 10.8333
2157.3 10.2778
2158.2 9.16667
2159.14 7.5
2160.05 5.83333
2161.26 3.61111
2162.21 2.22222
2163.14 0
2164.08 0
2165.04 0
2165.98 0
2166.94 0
2167.89 0
2168.79 0
2169.7 0
2170.95 0
2171.88 0
2172.81 0
2173.73 0
2174.69 0
2175.62 0
2176.55 0
2177.51 0
2178.46 0
2179.41 0
2180.65 0
2181.59 0
2182.51 0
2183.46 0
2184.41 0
2185.28 0
2186.19 1.66667
2187.13 2.77778
2188.06 3.88889
2189.02 4.72222
2190.3 6.11111
2191.25 6.94444
2192.21 7.77778
2193.11 8.33333
2194.03 9.16667
2194.96 10
2195.87 10.5556
2196.77 11.1111
2197.74 11.1111
2198.69 11.1111
2199.92 10.5556
2200.87 10.2778
2201.77 10.5556
2202.69 10.5556
2203.58 10.5556
2204.46 10.8333
2205.36 10.8333
2206.26 11.1111
2207.19 11.1111
2208.11 11.3889
2209.34 11.6667
2210.22 11.6667
2211.14 11.3889
2212.07 11.3889
2213.06 11.1111
2213.98 10.5556
2214.97 10
2215.9 9.72222
2216.82 8.88889
2217.74 8.88889
2218.95 9.44444
2219.89 10
2220.84 10.5556
2221.76 11.1111
2222.69 11.6667
2223.65 12.2222
2224.51 12.5
2225.38 12.7778
2226.33 13.0556
2227.24 13.0556
2228.44 13.6111
2229.35 14.1667
2230.28 14.7222
2231.15 15.2778
2232.03 15.5556
2232.94 15.8333
2233.92 15.5556
2234.86 15.2778
2235.81 14.7222
2236.75 14.1667
2238 12.7778
2238.94 12.2222
2239.88 11.9444
2240.8 11.9444
2241.76 11.9444
2242.67 11.6667
2243.63 11.3889
2244.57 11.3889
2245.54 10.8333
2246.48 10.8333
2247.73 11.1111
2248.62 11.1111
2249.57 11.3889
2250.45 11.3889
2251.38 11.6667
2252.32 11.9444
2253.23 11.6667
2254.18 11.6667
2255.12 11.6667
2256.06 11.9444
2257.5 12.5
2258.37 12.5
2259.3 11.6667
2260.25 10.8333
2261.22 9.16667
2262.18 7.22222
2263.14 5
2263.99 3.05556
2264.94 1.38889
2265.82 0
2266.99 1.38889
2267.9 1.94444
2268.79 3.05556
2269.67 4.16667
2270.52 5
2271.39 6.11111
2272.28 6.38889
2273.15 6.66667
2274.17 7.5
2275.08 8.33333
2276.32 9.44444
2277.23 10.2778
2278.18 11.1111
2279.09 11.3889
2280.01 11.9444
2280.95 12.2222
2281.89 12.5
2282.84 12.5
2283.76 12.5
2284.68 12.5
2285.84 12.5
2286.72 12.5
2287.63 12.5
2288.54 12.2222
2289.44 11.6667
2290.34 11.6667
2291.3 10.8333
2292.24 10
2293.21 9.16667
2294.18 8.33333
2295.46 6.38889
2296.42 5
2297.36 3.05556
2298.25 1.66667
2299.17 0
2300.12 0
2301.04 0
2301.98 0
2302.95 0
2303.88 0
2305.11 0
2306.06 0
2306.98 0
2307.94 0
2308.9 0
2309.85 0
2310.82 1.38889
2311.78 3.33333
2312.72 4.72222
2313.72 5.55556
2314.99 6.94444
2315.94 8.05556
2316.88 9.16667
2317.82 10.5556
2318.73 11.3889
2319.64 12.5
2320.57 13.6111
2321.48 14.4444
2322.42 15.2778
2323.36 15.8333
2324.58 16.3889
2325.54 16.6667
2326.5 16.9444
2327.46 17.2222
2328.39 17.5
2329.33 17.5
2330.26 17.7778
2331.16 17.5
2332.11 17.7778
2333.01 17.7778
2334.25 17.7778
2335.2 17.7778
2336.11 18.0556
2337.06 18.0556
2338.01 17.7778
2338.91 17.5
2339.82 17.5
2340.72 17.5
2341.62 17.7778
2342.51 17.7778
2343.7 18.3333
2344.63 18.6111
2345.57 18.6111
2346.47 18.8889
2347.42 19.1667
2348.31 19.4444
2349.23 19.4444
2350.18 19.1667
2351.12 19.1667
2352.06 18.8889
2353.3 18.8889
2354.2 18.8889
2355.12 18.6111
2356.04 18.6111
2356.97 18.6111
2357.92 18.3333
2358.86 18.0556
2359.78 18.0556
2360.74 18.0556
2361.68 18.0556
2362.93 18.0556
2363.8 18.0556
2364.68 18.0556
2365.55 18.0556
2366.48 18.0556
2367.38 18.3333
2368.32 18.3333
2369.23 18.3333
2370.13 18.3333
2371.05 18.3333
2372.27 18.3333
2373.22 18.3333
2374.17 18.0556
2375.06 18.0556
2376.02 18.0556
2376.96 17.7778
2377.93 17.7778
2378.89 17.7778
2379.85 17.7778
2380.8 17.5
2382.01 17.2222
2382.94 17.5
2383.89 17.5
2384.8 17.5
2385.73 17.7778
2386.61 17.5
2387.52 17.5
2388.45 17.2222
2389.35 17.2222
2390.3 16.9444
2391.59 16.3889
2392.55 15.8333
2393.5 15
2394.46 14.4444
2395.37 14.1667
2396.27 13.8889
2397.22 13.6111
2398.17 13.6111
2399.13 13.6111
2400.1 13.6111
2401.38 13.8889
2402.35 13.8889
2403.3 13.8889
2404.27 13.8889
2405.22 14.1667
2406.15 14.7222
2407.12 15
2408.04 15
2409 15
2409.92 15.2778
2411.15 15.2778
2412.07 15
2413.02 14.7222
2413.98 14.7222
2414.94 14.7222
2415.89 14.7222
2416.79 15
2417.73 15
2418.65 14.7222
2419.62 14.7222
2420.89 14.1667
2421.84 14.1667
2422.78 13.8889
2423.65 13.8889
2424.55 14.1667
2425.48 14.7222
2426.37 14.7222
2427.29 15
2428.24 15
2429.19 15
2430.45 15
2431.39 15
2432.33 15
2433.29 15
2434.22 14.7222
2435.16 14.7222
2436.08 14.4444
2437.02 14.4444
2437.93 14.4444
2438.87 14.4444
2440.11 14.1667
2441.06 14.1667
2442 13.8889
2442.98 13.8889
2443.94 13.6111
2444.9 12.7778
2445.82 12.2222
2446.75 11.6667
2447.69 11.1111
2448.62 10.5556
2449.9 10.2778
2450.82 10
2451.75 10.2778
2452.64 11.1111
2453.59 11.6667
2454.55 11.9444
2455.44 12.2222
2456.38 12.2222
2457.29 12.5
2458.24 12.7778
2459.49 13.3333
2460.39 13.6111
2461.32 13.6111
2462.26 13.6111
2463.19 13.6111
2464 13.8889
2464.91 13.8889
2465.82 13.8889
2466.73 13.6111
2467.66 13.6111
2468.84 13.6111
2469.76 13.6111
2470.76 13.8889
2471.68 14.1667
2472.59 14.1667
2473.5 14.1667
2474.41 13.6111
2475.34 13.6111
2476.22 13.6111
2477.12 13.6111
2478.32 13.6111
2479.28 13.6111
2480.21 13.6111
2481.13 13.8889
2482.08 13.8889
2483.02 13.8889
2483.93 13.8889
2484.89 14.1667
2485.82 14.4444
2486.73 14.4444
2487.95 14.4444
2488.85 14.4444
2489.77 14.4444
2490.73 14.4444
2491.68 14.4444
2492.63 14.4444
2493.55 14.4444
2494.47 14.4444
2495.37 14.1667
2496.28 14.1667
2497.5 13.8889
2498.44 14.1667
2499.36 14.4444
2500.27 14.4444
2501.17 14.4444
2502.04 14.7222
2503 14.7222
2503.91 14.7222
2504.85 14.7222
2505.82 14.4444
2507.09 14.4444
2508 14.1667
2508.96 13.8889
2509.91 13.6111
2510.86 13.3333
2511.77 13.0556
2512.69 12.7778
2513.63 12.7778
2514.57 13.0556
2515.54 13.3333
2516.77 13.6111
2517.72 13.6111
2518.68 13.6111
2519.63 13.6111
2520.6 13.6111
2521.54 13.6111
2522.46 13.6111
2523.36 13.3333
2524.32 13.3333
2525.25 13.0556
2526.48 13.0556
2527.4 13.0556
2528.33 13.0556
2529.28 13.3333
2530.18 13.3333
2531.11 13.3333
2532.01 13.6111
2532.96 13.6111
2533.86 13.0556
2534.82 12.7778
2536.08 12.2222
2537.02 11.6667
2537.91 10.5556
2538.82 9.16667
2539.75 8.05556
2540.71 6.11111
2541.6 3.61111
2542.51 1.66667
2543.46 0
2544.41 0
2545.62 0
2546.52 0
2547.43 0
2548.37 0
2549.28 0
2550.23 0
2551.32 0
2552.25 0
2553.19 0
2554.15 0
2555.35 0
2556.32 0
2557.37 0
2558.36 0
2559.32 0
2560.23 0
2561.18 0
2562.13 0
2563.05 0
2564 0
2565.23 0
2566.16 0
2567.06 0
2568.02 0
2568.96 1.38889
2569.87 2.5
2570.84 2.77778
2571.77 3.33333
2572.69 4.44444
2573.66 5.55556
2574.89 6.94444
2575.83 7.77778
2576.74 8.61111
2577.66 9.16667
2578.58 9.44444
2579.54 9.72222
2580.51 10.2778
2581.4 10.8333
2582.31 11.1111
2583.2 11.1111
2584.42 11.3889
2585.36 11.1111
2586.32 10.8333
2587.24 10.8333
2588.19 10.5556
2589.1 10.5556
2590.04 10.5556
2590.96 10.2778
2591.92 10.2778
2592.83 10
2594.02 10
2594.91 9.72222
2595.83 9.44444
2596.75 8.88889
2597.67 8.05556
2598.64 7.22222
2599.57 5.55556
2600.48 4.72222
2601.44 4.72222
2602.35 5.27778
2603.62 6.11111
2604.57 6.11111
2605.52 6.66667
2606.44 7.5
2607.38 7.77778
2608.33 8.33333
2609.25 8.61111
2610.15 8.61111
2611.08 8.33333
2611.99 8.05556
2613.23 7.77778
2614.17 6.94444
2615.12 5.55556
2616.05 4.72222
2616.95 3.61111
2617.89 1.94444
2618.83 0
2619.78 0
2620.68 0
2621.55 0
2622.73 0
2623.62 0
2624.55 1.11111
2625.44 1.66667
2626.36 1.94444
2627.29 3.05556
2628.25 3.88889
2629.16 4.72222
2630.09 5
2631.13 6.11111
2632.35 7.22222
2633.29 8.05556
2634.23 8.61111
2635.17 9.44444
2636.06 10
2637.02 10.2778
2637.96 10.5556
2638.87 10.8333
2639.79 10.5556
2640.74 10.5556
2642.02 10.2778
2642.96 9.72222
2643.85 9.44444
2644.78 9.44444
2645.68 9.16667
2646.54 9.16667
2647.41 8.88889
2648.29 8.61111
2649.22 8.05556
2650.13 6.94444
2651.43 5.55556
2652.38 5
2653.34 5
2654.29 5
2655.22 5.55556
2656.11 6.11111
2657.06 6.66667
2658.02 7.5
2658.98 8.33333
2659.94 9.16667
2661.17 10
2662.05 10.2778
2662.95 10.5556
2663.84 10.8333
2664.77 11.1111
2665.69 11.3889
2666.61 11.3889
2667.53 11.3889
2668.46 11.1111
2669.39 10.8333
2670.61 10.8333
2671.53 10.8333
2672.47 10.8333
2673.39 10.8333
2674.33 10.8333
2675.28 11.1111
2676.24 11.1111
2677.21 11.1111
2678.16 10.8333
2679.11 10.5556
2680.33 10.5556
2681.29 10.5556
2682.21 10.8333
2683.12 11.1111
2684.08 11.3889
2685.02 11.3889
2685.97 11.6667
2686.87 11.3889
2687.8 11.3889
2688.72 11.3889
2690.01 11.3889
2690.98 11.6667
2691.92 11.9444
2692.82 11.9444
2693.76 11.9444
2694.68 12.2222
2695.63 12.2222
2696.55 12.2222
2697.47 11.9444
2698.4 11.9444
2699.68 11.9444
2700.51 11.9444
2701.4 11.9444
2702.31 11.3889
2703.25 11.1111
2704.14 11.1111
2705.06 11.1111
2706 11.1111
2706.91 11.1111
2707.85 11.3889
2709.12 11.6667
2710.03 11.6667
2710.95 11.3889
2711.88 11.1111
2712.74 11.1111
2713.7 11.1111
2714.63 10.8333
2715.55 10.8333
2716.43 10.8333
2717.33 10.8333
2718.55 10.8333
2719.41 10.8333
2720.31 10.8333
2721.21 11.1111
2722.1 11.1111
2723.03 11.3889
2723.94 11.1111
2724.89 10.5556
2725.82 10.2778
2726.77 9.72222
2728.02 8.33333
2728.96 7.22222
2729.9 5.83333
2730.87 4.72222
2731.8 3.33333
2732.75 1.94444
2733.65 1.66667
2734.56 2.22222
2735.46 3.61111
2736.41 5
2737.69 6.11111
2738.63 6.38889
2739.61 6.11111
2740.52 6.66667
2741.46 6.94444
2742.41 6.94444
2743.37 7.22222
2744.33 7.77778
2745.26 8.33333
2746.2 9.16667
2747.46 10.2778
2748.38 10.8333
2749.31 11.1111
2750.24 11.3889
2751.2 11.9444
2752.28 12.2222
2753.21 12.5
2754.13 13.0556
2755.07 13.6111
2756 13.6111
2757.23 14.1667
2758.17 14.1667
2759.11 14.1667
2760.04 14.1667
2760.97 14.1667
2761.94 14.1667
2762.89 14.1667
2763.86 14.1667
2764.76 14.1667
2765.63 14.1667
2766.9 14.1667
2767.83 14.4444
2768.74 14.7222
2769.68 14.4444
2770.57 13.3333
2771.46 12.2222
2772.33 11.1111
2773.23 10
2774.18 9.16667
2775.13 8.05556
2776.42 5.83333
2777.37 4.16667
2778.34 3.05556
2779.3 2.5
2780.22 2.77778
2781.13 3.88889
2782.04 5
2782.96 6.11111
2783.91 7.22222
2784.85 8.33333
2786.06 9.72222
2786.96 10.2778
2787.9 11.1111
2788.83 11.6667
2789.74 12.2222
2790.63 12.7778
2791.57 13.0556
2792.53 13.3333
2793.46 13.6111
2794.4 13.8889
2795.68 14.1667
2796.63 14.4444
2797.54 14.4444
2798.5 14.7222
2799.46 14.7222
2800.41 15
2801.32 15
2802.23 15
2803.17 15
2804.12 15
2805.35 14.7222
2806.29 14.7222
2807.19 14.7222
2808.12 14.4444
2809.05 14.4444
2810.01 14.4444
2810.94 14.1667
2811.87 13.8889
2812.82 13.8889
2813.78 13.8889
2815.01 14.1667
2815.95 14.1667
2816.87 14.1667
2817.8 14.1667
2818.71 14.1667
2819.57 14.1667
2820.47 13.8889
2821.34 13.8889
2822.22 13.8889
2823.12 13.6111
2824.35 13.6111
2825.23 13.3333
2826.12 13.0556
2826.98 12.7778
2827.85 12.7778
2828.75 12.7778
2829.66 12.5
2830.55 12.5
2831.46 12.5
2832.36 12.5
2833.62 12.5
2834.55 12.5
2835.48 12.5
2836.38 12.7778
2837.29 12.7778
2838.23 12.7778
2839.14 12.7778
2840.09 12.7778
2841.02 12.7778
2841.92 12.7778
2843.16 12.7778
2844.11 12.7778
2845.02 12.7778
2845.92 12.5
2846.83 12.7778
2847.78 12.7778
2848.74 12.7778
2849.69 12.7778
2850.66 12.7778
2851.6 13.0556
2852.8 13.3333
2853.69 13.3333
2854.61 13.6111
2855.52 13.3333
2856.47 13.0556
2857.5 13.0556
2858.35 13.0556
2859.27 12.7778
2860.19 12.7778
2861.14 12.2222
2862.37 11.1111
2863.3 10.2778
2864.21 9.72222
2865.28 8.33333
2866.21 6.94444
2867.16 5.27778
2868.11 3.88889
2869.02 2.5
2869.93 1.66667
2870.86 1.11111
2872.08 0
2872.98 0
2873.93 0
2874.87 0
2875.8 0
2876.69 0
2877.61 0
2878.57 0
2879.48 0
2880.41 0
2881.67 0
2882.58 0
2883.47 0
2884.34 0
2885.23 0
2886.18 0
2887.14 0
2888.08 0
2889.04 0
2889.96 0
2891.22 1.38889
2892.12 3.61111
2893.03 5
2893.98 6.11111
2894.93 7.22222
2895.85 8.33333
2896.8 9.16667
2897.75 10
2898.65 10.5556
2899.56 11.3889
2900.74 12.2222
2901.64 12.5
2902.53 13.0556
2903.43 13.3333
2904.47 13.3333
2905.43 13.6111
2906.39 13.6111
2907.3 13.6111
2908.26 13.3333
2909.2 13.6111
2910.47 13.6111
2911.42 13.6111
2912.33 13.6111
2913.24 13.6111
2914.21 13.8889
2915.12 13.8889
2916.08 13.8889
2917.02 13.6111
2917.98 13.6111
2918.89 13.3333
2920.14 13.3333
2921.06 13.0556
2922.01 13.0556
2922.96 12.7778
2923.89 12.7778
2924.83 12.7778
2925.77 12.5
2926.68 12.7778
2927.6 12.7778
2928.57 13.0556
2929.8 13.0556
2930.71 13.3333
2931.62 13.6111
2932.55 13.6111
2933.5 13.6111
2934.43 13.6111
2935.38 13.3333
2936.34 13.0556
2937.27 12.7778
2938.21 12.5
2939.44 13.0556
2940.32 13.3333
2941.26 13.6111
2942.16 13.6111
2943.06 13.6111
2943.98 13.8889
2944.9 13.8889
2945.8 13.8889
2946.72 13.8889
2947.66 13.8889
2948.86 13.6111
2949.76 13.3333
2950.63 12.7778
2951.58 12.2222
2952.56 11.9444
2953.51 11.3889
2954.41 11.1111
2955.32 10.8333
2956.21 9.72222
2957.11 8.05556
2958.31 5.83333
2959.24 3.88889
2960.17 2.22222
2961.12 0
2962.08 0
2963.03 0
2963.93 0
2964.83 0
2965.75 0
2966.68 0
2967.92 0
2968.85 0
2969.76 0
2970.71 0
2971.62 0
2972.56 0
2973.44 0
2974.32 0
2975.21 0
2976.1 0
2977.26 0
2978.12 0
2978.98 0
2979.87 0
2980.77 0
2981.64 0
2982.55 0
2983.43 0
2984.31 0
2985.21 1.66667
2986.34 3.05556
2987.21 3.88889
2988.11 4.44444
2989.03 5.27778
2989.93 6.11111
2990.82 6.94444
2991.7 7.77778
2992.62 8.61111
2993.58 9.16667
2994.52 10
2995.74 10.5556
2996.7 10.8333
2997.64 11.1111
2998.56 10.8333
2999.46 10.8333
3000.35 10.5556
3001.24 10.2778
3002.15 10
3003.03 10.2778
3003.88 10.5556
3005.06 10.8333
3005.93 10.8333
3006.83 10.8333
3007.78 11.1111
3008.68 11.3889
3009.6 11.6667
3010.52 11.6667
3011.43 11.6667
3012.39 11.9444
3013.28 11.9444
3014.48 11.3889
3015.36 11.1111
3016.24 11.1111
3017.16 11.3889
3018.07 11.6667
3018.97 11.9444
3019.92 12.2222
3020.85 12.7778
3021.78 12.7778
3022.69 13.0556
3023.9 13.0556
3024.8 13.0556
3025.76 13.6111
3026.7 13.8889
3027.61 13.6111
3028.55 13.6111
3029.5 13.3333
3030.4 13.3333
3031.32 13.3333
3032.27 13.0556
3033.49 12.7778
3034.43 12.7778
3035.35 12.7778
3036.32 12.5
3037.27 11.9444
3038.17 11.6667
3039.1 11.6667
3040.04 11.6667
3040.95 11.6667
3041.89 11.6667
3043.12 11.3889
3044.08 11.1111
3045.02 11.1111
3045.97 11.3889
3046.9 11.3889
3047.84 11.3889
3048.78 11.6667
3049.71 11.9444
3050.65 12.2222
3051.61 12.7778
3052.85 13.0556
3053.8 13.0556
3054.73 13.0556
3055.64 13.0556
3056.6 12.7778
3057.57 11.6667
3058.52 10.5556
3059.44 9.44444
3060.39 8.05556
3061.33 6.66667
3062.51 4.72222
3063.45 3.05556
3064.4 1.66667
3065.33 1.94444
3066.24 3.05556
3067.17 4.16667
3068.1 5.27778
3069.02 6.11111
3069.98 7.22222
3070.89 8.05556
3072.16 9.16667
3073.12 10
3074.06 10.8333
3074.98 11.3889
3075.93 11.6667
3076.89 12.2222
3077.85 12.5
3078.77 12.7778
3079.73 13.0556
3080.64 13.0556
3081.85 12.7778
3082.79 12.7778
3083.75 12.2222
3084.69 11.9444
3085.61 11.6667
3086.55 10.8333
3087.46 10.2778
3088.4 9.44444
3089.31 8.61111
3090.25 7.77778
3091.49 6.38889
3092.39 5
3093.31 3.33333
3094.17 1.94444
3095.09 0
3096.02 0
3096.94 0
3097.89 0
3098.82 0
3099.81 0
3101.06 0
3101.97 0
3102.89 0
3103.84 0
3104.79 0
3105.76 0
3106.66 0
3107.54 0
3108.4 0
3109.27 0
3110.49 0
3111.46 0
3112.4 0
3113.36 0
3114.29 0
3115.22 0
3116.17 0
3117.1 0
3118.05 0
3119 0
3120.29 0
3121.2 0
3122.13 0
3123.09 0
3123.99 0
3124.89 0
3125.82 0
3126.73 0
3127.66 1.94444
3128.54 3.05556
3129.76 4.16667
3130.71 4.72222
3131.61 5.27778
3132.51 5.83333
3133.45 6.66667
3134.33 7.22222
3135.26 8.05556
3136.17 9.16667
3137.1 10
3138 10.8333
3139.19 11.9444
3140.07 12.5
3140.98 13.0556
3141.88 13.3333
3142.81 13.6111
3143.75 13.6111
3144.72 13.8889
3145.67 14.1667
3146.62 14.4444
3147.57 14.4444
3148.81 14.7222
3149.72 15
3150.65 15
3151.59 15
3152.56 15
3153.51 15
3154.46 15.5556
3155.37 16.1111
3156.33 16.3889
3157.37 16.6667
3158.62 17.2222
3159.53 17.5
3160.43 18.0556
3161.38 18.0556
3162.34 18.0556
3163.23 18.0556
3164.19 18.3333
3165.11 18.3333
3166.05 18.3333
3167.01 18.6111
3168.23 18.8889
3169.16 19.1667
3170.09 19.1667
3171.03 19.4444
3171.94 19.1667
3172.9 19.1667
3173.8 19.1667
3174.64 19.1667
3175.56 19.1667
3176.45 18.8889
3177.7 18.3333
3178.65 18.0556
3179.62 17.5
3180.56 17.2222
3181.48 17.2222
3182.41 17.2222
3183.34 17.5
3184.28 17.5
3185.2 17.7778
3186.14 18.0556
3187.37 18.0556
3188.32 18.3333
3189.27 18.6111
3190.19 18.6111
3191.13 18.8889
3192.09 18.8889
3193.03 18.8889
3193.96 18.8889
3194.85 18.8889
3195.73 18.6111
3196.92 18.6111
3197.78 18.3333
3198.64 18.3333
3199.5 18.0556
3200.38 17.7778
3201.26 17.5
3202.16 17.5
3203.05 17.2222
3203.94 17.2222
3204.87 17.5
3206.08 17.5
3206.96 17.7778
3207.83 17.2222
3208.67 16.6667
3209.54 16.1111
3210.43 15.2778
3211.31 15
3212.22 14.7222
3213.12 14.7222
3214.05 14.7222
3215.26 14.7222
3216.21 14.7222
3217.16 14.7222
3218.03 14.7222
3218.94 14.4444
3219.85 14.7222
3220.74 14.7222
3221.61 14.7222
3222.5 14.7222
3223.38 14.7222
3224.55 14.4444
3225.45 14.7222
3226.36 14.7222
3227.24 15
3228.11 15
3229.02 15
3229.9 15
3230.76 15
3231.62 15.2778
3232.54 15.2778
3233.72 15.2778
3234.59 15
3235.45 15
3236.33 15
3237.22 14.7222
3238.14 14.7222
3239.09 14.7222
3240.01 14.7222
3240.97 14.4444
3241.93 14.1667
3243.22 13.8889
3244.16 13.6111
3245.09 13.8889
3246.04 13.8889
3246.93 14.1667
3247.84 14.1667
3248.75 14.4444
3249.69 14.4444
3250.63 14.7222
3251.52 14.7222
3252.7 15
3253.62 14.7222
3254.55 14.7222
3255.44 14.7222
3256.31 14.7222
3257.16 14.7222
3258.06 14.7222
3258.96 14.4444
3259.83 14.1667
3260.7 14.1667
3261.89 14.1667
3262.81 13.8889
3263.76 13.8889
3264.68 13.8889
3265.62 13.6111
3266.57 13.6111
3267.49 13.3333
3268.4 13.0556
3269.35 13.0556
3270.3 12.7778
3271.57 12.7778
3272.5 12.2222
3273.44 11.6667
3274.35 10
3275.28 8.88889
3276.17 7.22222
3277.09 5.27778
3278.02 3.33333
3278.94 1.94444
3279.9 0
3281.13 0
3282.08 0
3283 0
3283.92 0
3284.86 0
3285.8 0
3286.71 1.94444
3287.65 3.88889
3288.61 5.27778
3289.57 6.66667
3290.82 8.05556
3291.73 6.94444
3292.64 5
3293.54 3.05556
3294.49 1.66667
3295.58 0
3296.54 0
3297.45 0
3298.41 0
3299.36 0
3300.56 0
3301.53 1.11111
3302.48 3.33333
3303.4 4.72222
3304.33 5.55556
3305.23 6.38889
3306.17 7.5
3307.03 8.33333
3307.91 8.88889
3308.79 9.16667
3309.95 9.44444
3310.85 9.44444
3311.76 8.88889
3312.67 7.5
3313.56 6.11111
3314.49 4.16667
3315.36 2.5
3316.23 1.11111
3317.13 0
3318.02 0
3319.19 2.5
3320.09 4.16667
3320.95 5.83333
3321.87 6.94444
3322.81 8.33333
3323.75 9.44444
3324.67 10.2778
3325.6 11.1111
3326.51 11.6667
3327.43 12.2222
3328.6 12.7778
3329.5 13.3333
3330.36 13.6111
3331.27 13.8889
3332.33 13.8889
3333.23 13.8889
3334.16 13.8889
3335.07 13.8889
3335.96 13.6111
3336.91 13.3333
3338.13 13.0556
3339.03 12.5
3339.95 11.9444
3340.9 11.9444
3341.86 11.6667
3342.82 11.6667
3343.78 11.6667
3344.71 11.6667
3345.63 11.9444
3346.53 11.9444
3347.78 11.9444
3348.72 11.9444
3349.66 11.9444
3350.6 11.9444
3351.51 11.6667
3352.41 11.3889
3353.37 11.3889
3354.27 11.1111
3355.2 11.1111
3356.11 11.1111
3357.31 11.6667
3358.2 12.2222
3359.14 12.5
3360.05 12.7778
3360.96 13.0556
3361.88 13.0556
3362.79 13.0556
3363.75 13.0556
3364.71 12.7778
3365.65 12.7778
3366.89 12.5
3367.8 11.9444
3368.74 11.3889
3369.65 10.8333
3370.57 9.72222
3371.48 8.88889
3372.43 8.33333
3373.38 7.77778
3374.32 7.5
3375.28 7.22222
3376.53 6.94444
3377.49 6.66667
3378.38 6.66667
3379.31 6.66667
3380.25 6.11111
3381.22 4.72222
3382.15 3.33333
3383.05 2.22222
3383.99 1.38889
3384.91 0
3386.14 1.11111
3387.06 2.77778
3388 3.61111
3388.94 3.05556
3389.86 2.5
3390.8 1.94444
3391.74 2.5
3392.69 3.61111
3393.62 4.16667
3394.59 4.44444
3395.85 5.27778
3396.75 5.83333
3397.67 6.38889
3398.56 6.11111
3399.52 6.11111
3400.46 5.83333
3401.37 5.55556
3402.32 5
3403.29 4.44444
3404.24 3.88889
3405.44 3.05556
3406.35 2.5
3407.28 1.38889
3408.21 0
3409.12 0
3409.98 0
3410.89 0
3411.82 0
3412.72 0
3413.66 0
3414.93 0
3415.89 0
3416.8 0
3417.76 0
3418.72 0
3419.68 0
3420.63 0
3421.55 0
3422.5 0
3423.45 0
3424.73 0
3425.69 0
