$TROP 2045 243966.994 6 1 2.4037 0.0000
$TROP 2045 243967.994 6 1 2.4008 0.0000
$TROP 2045 243968.994 6 1 2.3981 0.0000
$TROP 2045 243969.994 6 1 2.3957 0.0000
$TROP 2045 243970.994 6 1 2.3939 0.0000
$TROP 2045 243971.994 6 1 2.3923 0.0000
$TROP 2045 243972.994 6 1 2.3910 0.0000
$TROP 2045 243973.994 6 1 2.3895 0.0000
$TROP 2045 243974.994 6 1 2.3882 0.0000
$TROP 2045 243975.994 6 1 2.3871 0.0000
$TROP 2045 243976.994 6 1 2.3861 0.0000
$TROP 2045 243977.994 6 1 2.3849 0.0000
$TROP 2045 243978.994 6 1 2.3840 0.0000
$TROP 2045 243979.994 6 1 2.3832 0.0000
$TROP 2045 243980.994 6 1 2.3824 0.0000
$TROP 2045 243981.994 6 1 2.3815 0.0000
$TROP 2045 243982.994 6 1 2.3807 0.0000
$TROP 2045 243983.994 6 1 2.3795 0.0000
$TROP 2045 243984.994 6 1 2.3782 0.0000
$TROP 2045 243985.994 6 1 2.3764 0.0000
$TROP 2045 243987.000 6 1 2.3743 0.0000
$TROP 2045 243988.000 6 1 2.3724 0.0000
$TROP 2045 243989.000 6 1 2.3709 0.0000
$TROP 2045 243990.000 6 1 2.3696 0.0000
$TROP 2045 243991.000 6 1 2.3685 0.0000
$TROP 2045 243992.000 6 1 2.3678 0.0000
$TROP 2045 243993.000 6 1 2.3670 0.0000
$TROP 2045 243994.000 6 1 2.3660 0.0000
$TROP 2045 243995.000 6 1 2.3649 0.0000
$TROP 2045 243996.000 6 1 2.3638 0.0000
$TROP 2045 243997.000 6 1 2.3629 0.0000
$TROP 2045 243998.000 6 1 2.3622 0.0000
$TROP 2045 243999.000 6 1 2.3615 0.0000
$TROP 2045 244000.000 6 1 2.3607 0.0000
$TROP 2045 244001.000 6 1 2.3597 0.0000
$TROP 2045 244002.000 6 1 2.3589 0.0000
$TROP 2045 244003.000 6 1 2.3582 0.0000
$TROP 2045 244004.000 6 1 2.3573 0.0000
$TROP 2045 244005.000 6 1 2.3564 0.0000
$TROP 2045 244006.000 6 1 2.3556 0.0000
$TROP 2045 244007.000 6 1 2.3552 0.0000
$TROP 2045 244008.000 6 1 2.3548 0.0000
$TROP 2045 244009.000 6 1 2.3545 0.0000
$TROP 2045 244010.000 6 1 2.3541 0.0000
$TROP 2045 244011.000 6 1 2.3536 0.0000
$TROP 2045 244012.000 6 1 2.3530 0.0000
$TROP 2045 244013.000 6 1 2.3521 0.0000
$TROP 2045 244014.000 6 1 2.3513 0.0000
$TROP 2045 244015.000 6 1 2.3505 0.0000
$TROP 2045 244016.000 6 1 2.3495 0.0000
$TROP 2045 244017.000 6 1 2.3484 0.0000
$TROP 2045 244018.000 6 1 2.3470 0.0000
$TROP 2045 244019.000 6 1 2.3453 0.0000
$TROP 2045 244020.000 6 1 2.3442 0.0000
$TROP 2045 244021.000 6 1 2.3428 0.0000
$TROP 2045 244022.000 6 1 2.3417 0.0000
$TROP 2045 244023.000 6 1 2.3409 0.0000
$TROP 2045 244024.000 6 1 2.3402 0.0000
$TROP 2045 244025.000 6 1 2.3397 0.0000
$TROP 2045 244026.000 6 1 2.3390 0.0000
$TROP 2045 244027.000 6 1 2.3385 0.0000
$TROP 2045 244028.000 6 1 2.3380 0.0000
$TROP 2045 244029.000 6 1 2.3376 0.0000
$TROP 2045 244030.000 6 1 2.3371 0.0000
$TROP 2045 244031.000 6 1 2.3367 0.0000
$TROP 2045 244032.000 6 1 2.3365 0.0000
$TROP 2045 244033.000 6 1 2.3361 0.0000
$TROP 2045 244034.000 6 1 2.3360 0.0000
$TROP 2045 244035.000 6 1 2.3359 0.0000
$TROP 2045 244036.000 6 1 2.3355 0.0000
$TROP 2045 244037.000 6 1 2.3355 0.0000
$TROP 2045 244038.000 6 1 2.3357 0.0000
$TROP 2045 244039.000 6 1 2.3353 0.0000
$TROP 2045 244040.000 6 1 2.3348 0.0000
$TROP 2045 244041.000 6 1 2.3346 0.0000
$TROP 2045 244042.000 6 1 2.3345 0.0000
$TROP 2045 244043.000 6 1 2.3349 0.0000
$TROP 2045 244044.000 6 1 2.3356 0.0000
$TROP 2045 244045.000 6 1 2.3361 0.0000
$TROP 2045 244046.000 6 1 2.3365 0.0000
$TROP 2045 244047.000 6 1 2.3366 0.0000
$TROP 2045 244048.000 6 1 2.3369 0.0000
$TROP 2045 244049.000 6 1 2.3370 0.0000
$TROP 2045 244050.000 6 1 2.3370 0.0000
$TROP 2045 244051.000 6 1 2.3371 0.0000
$TROP 2045 244052.000 6 1 2.3377 0.0000
$TROP 2045 244053.000 6 1 2.3388 0.0000
$TROP 2045 244054.000 6 1 2.3403 0.0000
$TROP 2045 244055.000 6 1 2.3420 0.0000
$TROP 2045 244056.000 6 1 2.3436 0.0000
$TROP 2045 244057.000 6 1 2.3446 0.0000
$TROP 2045 244058.000 6 1 2.3452 0.0000
$TROP 2045 244059.000 6 1 2.3457 0.0000
$TROP 2045 244060.000 6 1 2.3458 0.0000
$TROP 2045 244061.000 6 1 2.3459 0.0000
$TROP 2045 244062.000 6 1 2.3459 0.0000
$TROP 2045 244063.000 6 1 2.3455 0.0000
$TROP 2045 244064.000 6 1 2.3450 0.0000
$TROP 2045 244065.000 6 1 2.3442 0.0000
$TROP 2045 244066.000 6 1 2.3431 0.0000
$TROP 2045 244067.000 6 1 2.3420 0.0000
$TROP 2045 244068.000 6 1 2.3411 0.0000
$TROP 2045 244069.000 6 1 2.3404 0.0000
$TROP 2045 244070.000 6 1 2.3400 0.0000
$TROP 2045 244071.000 6 1 2.3397 0.0000
$TROP 2045 244072.000 6 1 2.3394 0.0000
$TROP 2045 244073.000 6 1 2.3390 0.0000
$TROP 2045 244074.000 6 1 2.3391 0.0000
$TROP 2045 244075.000 6 1 2.3390 0.0000
$TROP 2045 244076.000 6 1 2.3388 0.0000
$TROP 2045 244077.000 6 1 2.3384 0.0000
$TROP 2045 244078.000 6 1 2.3379 0.0000
$TROP 2045 244079.000 6 1 2.3372 0.0000
$TROP 2045 244080.000 6 1 2.3363 0.0000
$TROP 2045 244081.000 6 1 2.3358 0.0000
$TROP 2045 244082.000 6 1 2.3349 0.0000
$TROP 2045 244083.000 6 1 2.3344 0.0000
$TROP 2045 244084.000 6 1 2.3343 0.0000
$TROP 2045 244085.000 6 1 2.3348 0.0000
$TROP 2045 244086.000 6 1 2.3353 0.0000
$TROP 2045 244087.000 6 1 2.3354 0.0000
$TROP 2045 244088.000 6 1 2.3352 0.0000
$TROP 2045 244089.000 6 1 2.3352 0.0000
$TROP 2045 244090.000 6 1 2.3354 0.0000
$TROP 2045 244091.000 6 1 2.3353 0.0000
$TROP 2045 244092.000 6 1 2.3353 0.0000
$TROP 2045 244093.000 6 1 2.3356 0.0000
$TROP 2045 244094.000 6 1 2.3359 0.0000
$TROP 2045 244095.000 6 1 2.3366 0.0000
$TROP 2045 244096.000 6 1 2.3376 0.0000
$TROP 2045 244097.000 6 1 2.3386 0.0000
$TROP 2045 244098.000 6 1 2.3408 0.0000
$TROP 2045 244099.000 6 1 2.3434 0.0000
$TROP 2045 244100.000 6 1 2.3462 0.0000
$TROP 2045 244101.000 6 1 2.3476 0.0000
$TROP 2045 244102.000 6 1 2.3479 0.0000
$TROP 2045 244103.000 6 1 2.3493 0.0000
$TROP 2045 244104.000 6 1 2.3505 0.0000
$TROP 2045 244105.000 6 1 2.3497 0.0000
$TROP 2045 244106.000 6 1 2.3479 0.0000
$TROP 2045 244107.000 6 1 2.3476 0.0000
$TROP 2045 244108.000 6 1 2.3472 0.0000
$TROP 2045 244109.000 6 1 2.3468 0.0000
$TROP 2045 244110.000 6 1 2.3453 0.0000
$TROP 2045 244111.000 6 1 2.3433 0.0000
$TROP 2045 244112.000 6 1 2.3406 0.0000
$TROP 2045 244113.000 6 1 2.3380 0.0000
$TROP 2045 244114.000 6 1 2.3357 0.0000
$TROP 2045 244115.000 6 1 2.3328 0.0000
$TROP 2045 244116.000 6 1 2.3302 0.0000
$TROP 2045 244117.000 6 1 2.3275 0.0000
$TROP 2045 244118.000 6 1 2.3251 0.0000
$TROP 2045 244119.000 6 1 2.3230 0.0000
$TROP 2045 244120.000 6 1 2.3206 0.0000
$TROP 2045 244121.000 6 1 2.3182 0.0000
$TROP 2045 244122.000 6 1 2.3162 0.0000
$TROP 2045 244123.000 6 1 2.3147 0.0000
$TROP 2045 244124.000 6 1 2.3134 0.0000
$TROP 2045 244125.000 6 1 2.3122 0.0000
$TROP 2045 244126.000 6 1 2.3105 0.0000
$TROP 2045 244127.000 6 1 2.3088 0.0000
$TROP 2045 244128.000 6 1 2.3070 0.0000
$TROP 2045 244129.000 6 1 2.3070 0.0000
$TROP 2045 244130.000 6 1 2.3065 0.0000
$TROP 2045 244131.000 6 1 2.3064 0.0000
$TROP 2045 244132.000 6 1 2.3071 0.0000
$TROP 2045 244133.000 6 1 2.3077 0.0000
$TROP 2045 244134.000 6 1 2.3074 0.0000
$TROP 2045 244135.000 6 1 2.3053 0.0000
$TROP 2045 244136.000 6 1 2.3031 0.0000
$TROP 2045 244137.000 6 1 2.3011 0.0000
$TROP 2045 244138.000 6 1 2.3025 0.0000
$TROP 2045 244139.000 6 1 2.3054 0.0000
$TROP 2045 244140.000 6 1 2.3085 0.0000
$TROP 2045 244141.000 6 1 2.3106 0.0000
$TROP 2045 244142.000 6 1 2.3140 0.0000
$TROP 2045 244143.000 6 1 2.3159 0.0000
$TROP 2045 244144.000 6 1 2.3195 0.0000
$TROP 2045 244145.000 6 1 2.3249 0.0000
$TROP 2045 244146.000 6 1 2.3307 0.0000
$TROP 2045 244147.000 6 1 2.3367 0.0000
$TROP 2045 244148.000 6 1 2.3423 0.0000
$TROP 2045 244149.000 6 1 2.3478 0.0000
$TROP 2045 244150.000 6 1 2.3536 0.0000
$TROP 2045 244151.000 6 1 2.3588 0.0000
$TROP 2045 244152.000 6 1 2.3633 0.0000
$TROP 2045 244153.000 6 1 2.3687 0.0000
$TROP 2045 244154.000 6 1 2.3745 0.0000
$TROP 2045 244155.000 6 1 2.3802 0.0000
$TROP 2045 244156.000 6 1 2.3861 0.0000
$TROP 2045 244157.000 6 1 2.3926 0.0000
$TROP 2045 244158.000 6 1 2.3984 0.0000
$TROP 2045 244159.000 6 1 2.4029 0.0000
$TROP 2045 244160.000 6 1 2.4061 0.0000
$TROP 2045 244161.000 6 1 2.4081 0.0000
$TROP 2045 244162.000 6 1 2.4090 0.0000
$TROP 2045 244163.000 6 1 2.4092 0.0000
$TROP 2045 244164.000 6 1 2.4089 0.0000
$TROP 2045 244165.000 6 1 2.4084 0.0000
$TROP 2045 244166.000 6 1 2.4092 0.0000
$TROP 2045 244167.000 6 1 2.4103 0.0000
$TROP 2045 244168.000 6 1 2.4110 0.0000
$TROP 2045 244169.000 6 1 2.4115 0.0000
$TROP 2045 244170.000 6 1 2.4123 0.0000
$TROP 2045 244171.000 6 1 2.4119 0.0000
$TROP 2045 244172.000 6 1 2.4104 0.0000
$TROP 2045 244173.000 6 1 2.4089 0.0000
$TROP 2045 244174.000 6 1 2.4073 0.0000
$TROP 2045 244175.000 6 1 2.4060 0.0000
$TROP 2045 244176.000 6 1 2.4048 0.0000
$TROP 2045 244177.000 6 1 2.4028 0.0000
$TROP 2045 244178.000 6 1 2.4018 0.0000
$TROP 2045 244179.000 6 1 2.3989 0.0000
$TROP 2045 244180.000 6 1 2.3972 0.0000
$TROP 2045 244181.000 6 1 2.3964 0.0000
$TROP 2045 244182.000 6 1 2.3939 0.0000
$TROP 2045 244183.000 6 1 2.3906 0.0000
$TROP 2045 244184.000 6 1 2.3873 0.0000
$TROP 2045 244185.000 6 1 2.3845 0.0000
$TROP 2045 244186.000 6 1 2.3825 0.0000
$TROP 2045 244187.000 6 1 2.3811 0.0000
$TROP 2045 244188.000 6 1 2.3791 0.0000
$TROP 2045 244189.000 6 1 2.3784 0.0000
$TROP 2045 244190.000 6 1 2.3777 0.0000
$TROP 2045 244191.000 6 1 2.3770 0.0000
$TROP 2045 244192.000 6 1 2.3767 0.0000
$TROP 2045 244193.000 6 1 2.3758 0.0000
$TROP 2045 244194.000 6 1 2.3743 0.0000
$TROP 2045 244195.000 6 1 2.3728 0.0000
$TROP 2045 244196.000 6 1 2.3708 0.0000
$TROP 2045 244197.000 6 1 2.3671 0.0000
$TROP 2045 244198.000 6 1 2.3634 0.0000
$TROP 2045 244199.000 6 1 2.3609 0.0000
$TROP 2045 244200.000 6 1 2.3588 0.0000
$TROP 2045 244201.000 6 1 2.3564 0.0000
$TROP 2045 244202.000 6 1 2.3536 0.0000
$TROP 2045 244203.000 6 1 2.3513 0.0000
$TROP 2045 244204.000 6 1 2.3478 0.0000
$TROP 2045 244205.000 6 1 2.3439 0.0000
$TROP 2045 244206.000 6 1 2.3390 0.0000
$TROP 2045 244207.000 6 1 2.3335 0.0000
$TROP 2045 244208.000 6 1 2.3270 0.0000
$TROP 2045 244209.000 6 1 2.3212 0.0000
$TROP 2045 244210.000 6 1 2.3157 0.0000
$TROP 2045 244211.000 6 1 2.3116 0.0000
$TROP 2045 244212.000 6 1 2.3059 0.0000
$TROP 2045 244213.000 6 1 2.3040 0.0000
$TROP 2045 244214.000 6 1 2.3026 0.0000
$TROP 2045 244215.000 6 1 2.3015 0.0000
$TROP 2045 244216.000 6 1 2.3003 0.0000
$TROP 2045 244217.000 6 1 2.2994 0.0000
$TROP 2045 244218.000 6 1 2.2977 0.0000
$TROP 2045 244219.000 6 1 2.2965 0.0000
$TROP 2045 244220.000 6 1 2.2954 0.0000
$TROP 2045 244221.000 6 1 2.2950 0.0000
$TROP 2045 244222.000 6 1 2.2952 0.0000
$TROP 2045 244223.000 6 1 2.2955 0.0000
$TROP 2045 244224.000 6 1 2.2964 0.0000
$TROP 2045 244225.000 6 1 2.2976 0.0000
$TROP 2045 244226.000 6 1 2.2977 0.0000
$TROP 2045 244227.000 6 1 2.2969 0.0000
$TROP 2045 244228.000 6 1 2.2948 0.0000
$TROP 2045 244229.000 6 1 2.2931 0.0000
$TROP 2045 244230.000 6 1 2.2914 0.0000
$TROP 2045 244231.000 6 1 2.2888 0.0000
$TROP 2045 244232.000 6 1 2.2865 0.0000
$TROP 2045 244233.000 6 1 2.2842 0.0000
$TROP 2045 244234.000 6 1 2.2820 0.0000
$TROP 2045 244235.000 6 1 2.2788 0.0000
$TROP 2045 244236.000 6 1 2.2749 0.0000
$TROP 2045 244237.000 6 1 2.2710 0.0000
$TROP 2045 244238.000 6 1 2.2681 0.0000
$TROP 2045 244239.000 6 1 2.2610 0.0000
$TROP 2045 244240.000 6 1 2.2594 0.0000
$TROP 2045 244241.000 6 1 2.2573 0.0000
$TROP 2045 244242.000 6 1 2.2546 0.0000
$TROP 2045 244243.000 6 1 2.2529 0.0000
$TROP 2045 244244.000 6 1 2.2496 0.0000
$TROP 2045 244245.000 6 1 2.2464 0.0000
$TROP 2045 244246.000 6 1 2.2440 0.0000
$TROP 2045 244247.000 6 1 2.2418 0.0000
$TROP 2045 244248.000 6 1 2.2397 0.0000
$TROP 2045 244249.000 6 1 2.2377 0.0000
$TROP 2045 244250.000 6 1 2.2367 0.0000
$TROP 2045 244251.000 6 1 2.2353 0.0000
$TROP 2045 244252.000 6 1 2.2344 0.0000
$TROP 2045 244253.000 6 1 2.2337 0.0000
$TROP 2045 244254.000 6 1 2.2322 0.0000
$TROP 2045 244255.000 6 1 2.2305 0.0000
$TROP 2045 244256.000 6 1 2.2288 0.0000
$TROP 2045 244257.000 6 1 2.2264 0.0000
$TROP 2045 244258.000 6 1 2.2247 0.0000
$TROP 2045 244259.000 6 1 2.2231 0.0000
$TROP 2045 244260.000 6 1 2.2214 0.0000
$TROP 2045 244261.000 6 1 2.2197 0.0000
$TROP 2045 244262.000 6 1 2.2172 0.0000
$TROP 2045 244263.000 6 1 2.2145 0.0000
$TROP 2045 244264.000 6 1 2.2127 0.0000
$TROP 2045 244265.000 6 1 2.2104 0.0000
$TROP 2045 244266.000 6 1 2.2057 0.0000
$TROP 2045 244267.000 6 1 2.2031 0.0000
$TROP 2045 244268.000 6 1 2.1996 0.0000
$TROP 2045 244269.000 6 1 2.1975 0.0000
$TROP 2045 244270.000 6 1 2.1963 0.0000
$TROP 2045 244271.000 6 1 2.1944 0.0000
$TROP 2045 244272.000 6 1 2.1925 0.0000
$TROP 2045 244273.000 6 1 2.1890 0.0000
$TROP 2045 244274.000 6 1 2.1839 0.0000
$TROP 2045 244275.000 6 1 2.1817 0.0000
$TROP 2045 244276.000 6 1 2.1801 0.0000
$TROP 2045 244277.000 6 1 2.1787 0.0000
$TROP 2045 244278.000 6 1 2.1772 0.0000
$TROP 2045 244279.000 6 1 2.1757 0.0000
$TROP 2045 244280.000 6 1 2.1739 0.0000
$TROP 2045 244281.000 6 1 2.1722 0.0000
$TROP 2045 244282.000 6 1 2.1705 0.0000
$TROP 2045 244283.000 6 1 2.1687 0.0000
$TROP 2045 244284.000 6 1 2.1669 0.0000
$TROP 2045 244285.000 6 1 2.1652 0.0000
$TROP 2045 244286.000 6 1 2.1638 0.0000
$TROP 2045 244287.000 6 1 2.1627 0.0000
$TROP 2045 244288.000 6 1 2.1617 0.0000
$TROP 2045 244289.000 6 1 2.1610 0.0000
$TROP 2045 244290.000 6 1 2.1602 0.0000
$TROP 2045 244291.000 6 1 2.1594 0.0000
$TROP 2045 244292.000 6 1 2.1585 0.0000
$TROP 2045 244293.000 6 1 2.1572 0.0000
$TROP 2045 244294.000 6 1 2.1557 0.0000
$TROP 2045 244295.000 6 1 2.1544 0.0000
$TROP 2045 244296.000 6 1 2.1531 0.0000
$TROP 2045 244297.000 6 1 2.1516 0.0000
$TROP 2045 244298.000 6 1 2.1502 0.0000
$TROP 2045 244299.000 6 1 2.1492 0.0000
$TROP 2045 244300.000 6 1 2.1484 0.0000
$TROP 2045 244301.000 6 1 2.1474 0.0000
$TROP 2045 244302.000 6 1 2.1458 0.0000
$TROP 2045 244303.000 6 1 2.1441 0.0000
$TROP 2045 244304.000 6 1 2.1422 0.0000
$TROP 2045 244305.000 6 1 2.1406 0.0000
$TROP 2045 244306.000 6 1 2.1389 0.0000
$TROP 2045 244307.000 6 1 2.1372 0.0000
$TROP 2045 244308.000 6 1 2.1354 0.0000
$TROP 2045 244309.000 6 1 2.1336 0.0000
$TROP 2045 244310.000 6 1 2.1318 0.0000
$TROP 2045 244311.000 6 1 2.1300 0.0000
$TROP 2045 244312.000 6 1 2.1285 0.0000
$TROP 2045 244313.000 6 1 2.1266 0.0000
$TROP 2045 244314.000 6 1 2.1242 0.0000
$TROP 2045 244315.000 6 1 2.1219 0.0000
$TROP 2045 244316.000 6 1 2.1190 0.0000
$TROP 2045 244317.000 6 1 2.1166 0.0000
$TROP 2045 244318.000 6 1 2.1147 0.0000
$TROP 2045 244319.000 6 1 2.1124 0.0000
$TROP 2045 244320.000 6 1 2.1101 0.0000
$TROP 2045 244321.000 6 1 2.1084 0.0000
$TROP 2045 244322.000 6 1 2.1074 0.0000
$TROP 2045 244323.000 6 1 2.1054 0.0000
$TROP 2045 244324.000 6 1 2.1033 0.0000
$TROP 2045 244325.000 6 1 2.1006 0.0000
$TROP 2045 244326.000 6 1 2.0973 0.0000
$TROP 2045 244327.000 6 1 2.0941 0.0000
$TROP 2045 244328.000 6 1 2.0910 0.0000
$TROP 2045 244329.000 6 1 2.0887 0.0000
$TROP 2045 244330.000 6 1 2.0863 0.0000
$TROP 2045 244331.000 6 1 2.0842 0.0000
$TROP 2045 244332.000 6 1 2.0824 0.0000
$TROP 2045 244333.000 6 1 2.0809 0.0000
$TROP 2045 244334.000 6 1 2.0797 0.0000
$TROP 2045 244335.000 6 1 2.0783 0.0000
$TROP 2045 244336.000 6 1 2.0769 0.0000
$TROP 2045 244337.000 6 1 2.0756 0.0000
$TROP 2045 244338.000 6 1 2.0744 0.0000
$TROP 2045 244339.000 6 1 2.0736 0.0000
$TROP 2045 244340.000 6 1 2.0732 0.0000
$TROP 2045 244341.000 6 1 2.0733 0.0000
$TROP 2045 244342.000 6 1 2.0736 0.0000
$TROP 2045 244343.000 6 1 2.0734 0.0000
$TROP 2045 244344.000 6 1 2.0726 0.0000
$TROP 2045 244345.000 6 1 2.0720 0.0000
$TROP 2045 244346.000 6 1 2.0711 0.0000
$TROP 2045 244347.000 6 1 2.0701 0.0000
$TROP 2045 244348.000 6 1 2.0693 0.0000
$TROP 2045 244349.000 6 1 2.0676 0.0000
$TROP 2045 244350.000 6 1 2.0660 0.0000
$TROP 2045 244351.000 6 1 2.0650 0.0000
$TROP 2045 244352.000 6 1 2.0634 0.0000
$TROP 2045 244353.000 6 1 2.0629 0.0000
$TROP 2045 244354.000 6 1 2.0626 0.0000
$TROP 2045 244355.000 6 1 2.0643 0.0000
$TROP 2045 244356.000 6 1 2.0660 0.0000
$TROP 2045 244357.000 6 1 2.0661 0.0000
$TROP 2045 244358.000 6 1 2.0671 0.0000
$TROP 2045 244359.000 6 1 2.0671 0.0000
$TROP 2045 244360.000 6 1 2.0679 0.0000
$TROP 2045 244361.000 6 1 2.0687 0.0000
$TROP 2045 244362.000 6 1 2.0678 0.0000
$TROP 2045 244363.000 6 1 2.0663 0.0000
$TROP 2045 244364.000 6 1 2.0639 0.0000
$TROP 2045 244365.000 6 1 2.0621 0.0000
$TROP 2045 244366.000 6 1 2.0614 0.0000
$TROP 2045 244367.000 6 1 2.0614 0.0000
$TROP 2045 244368.000 6 1 2.0609 0.0000
$TROP 2045 244369.000 6 1 2.0601 0.0000
$TROP 2045 244370.000 6 1 2.0606 0.0000
$TROP 2045 244371.000 6 1 2.0608 0.0000
$TROP 2045 244372.000 6 1 2.0615 0.0000
$TROP 2045 244373.000 6 1 2.0625 0.0000
$TROP 2045 244374.000 6 1 2.0643 0.0000
$TROP 2045 244375.000 6 1 2.0646 0.0000
$TROP 2045 244376.000 6 1 2.0653 0.0000
$TROP 2045 244377.000 6 1 2.0648 0.0000
$TROP 2045 244378.000 6 1 2.0646 0.0000
$TROP 2045 244379.000 6 1 2.0649 0.0000
$TROP 2045 244380.000 6 1 2.0654 0.0000
$TROP 2045 244381.000 6 1 2.0643 0.0000
$TROP 2045 244382.000 6 1 2.0635 0.0000
$TROP 2045 244383.000 6 1 2.0620 0.0000
$TROP 2045 244384.000 6 1 2.0618 0.0000
$TROP 2045 244385.000 6 1 2.0617 0.0000
$TROP 2045 244386.000 6 1 2.0621 0.0000
$TROP 2045 244387.000 6 1 2.0611 0.0000
$TROP 2045 244388.000 6 1 2.0609 0.0000
$TROP 2045 244389.000 6 1 2.0614 0.0000
$TROP 2045 244390.000 6 1 2.0605 0.0000
$TROP 2045 244391.000 6 1 2.0601 0.0000
$TROP 2045 244392.000 6 1 2.0604 0.0000
$TROP 2045 244393.000 6 1 2.0616 0.0000
$TROP 2045 244394.000 6 1 2.0634 0.0000
$TROP 2045 244395.000 6 1 2.0654 0.0000
$TROP 2045 244396.000 6 1 2.0669 0.0000
$TROP 2045 244397.000 6 1 2.0672 0.0000
$TROP 2045 244398.000 6 1 2.0676 0.0000
$TROP 2045 244399.000 6 1 2.0687 0.0000
$TROP 2045 244400.000 6 1 2.0702 0.0000
$TROP 2045 244401.000 6 1 2.0733 0.0000
$TROP 2045 244402.000 6 1 2.0761 0.0000
$TROP 2045 244403.000 6 1 2.0765 0.0000
$TROP 2045 244404.000 6 1 2.0777 0.0000
$TROP 2045 244405.000 6 1 2.0797 0.0000
$TROP 2045 244406.000 6 1 2.0824 0.0000
$TROP 2045 244407.000 6 1 2.0837 0.0000
$TROP 2045 244408.000 6 1 2.0847 0.0000
$TROP 2045 244409.000 6 1 2.0839 0.0000
$TROP 2045 244410.000 6 1 2.0847 0.0000
$TROP 2045 244411.000 6 1 2.0847 0.0000
$TROP 2045 244412.000 6 1 2.0862 0.0000
$TROP 2045 244413.000 6 1 2.0856 0.0000
$TROP 2045 244414.000 6 1 2.0857 0.0000
$TROP 2045 244415.000 6 1 2.0906 0.0000
$TROP 2045 244416.000 6 1 2.0946 0.0000
$TROP 2045 244417.000 6 1 2.0973 0.0000
$TROP 2045 244418.000 6 1 2.0989 0.0000
$TROP 2045 244419.000 6 1 2.0989 0.0000
$TROP 2045 244420.000 6 1 2.0982 0.0000
$TROP 2045 244421.000 6 1 2.0983 0.0000
$TROP 2045 244422.000 6 1 2.0970 0.0000
$TROP 2045 244423.000 6 1 2.0965 0.0000
$TROP 2045 244424.000 6 1 2.0964 0.0000
$TROP 2045 244425.000 6 1 2.0965 0.0000
$TROP 2045 244426.000 6 1 2.0979 0.0000
$TROP 2045 244427.000 6 1 2.0980 0.0000
$TROP 2045 244428.000 6 1 2.1011 0.0000
$TROP 2045 244429.000 6 1 2.1053 0.0000
$TROP 2045 244430.000 6 1 2.1081 0.0000
$TROP 2045 244431.000 6 1 2.1079 0.0000
$TROP 2045 244432.000 6 1 2.1089 0.0000
$TROP 2045 244433.000 6 1 2.1127 0.0000
$TROP 2045 244434.000 6 1 2.1196 0.0000
$TROP 2045 244435.000 6 1 2.1238 0.0000
$TROP 2045 244436.000 6 1 2.1288 0.0000
$TROP 2045 244437.000 6 1 2.1308 0.0000
$TROP 2045 244438.000 6 1 2.1279 0.0000
$TROP 2045 244439.000 6 1 2.1276 0.0000
$TROP 2045 244440.000 6 1 2.1313 0.0000
$TROP 2045 244441.000 6 1 2.1332 0.0000
$TROP 2045 244442.000 6 1 2.1342 0.0000
$TROP 2045 244443.000 6 1 2.1354 0.0000
$TROP 2045 244444.000 6 1 2.1383 0.0000
$TROP 2045 244445.000 6 1 2.1414 0.0000
$TROP 2045 244446.000 6 1 2.1435 0.0000
$TROP 2045 244447.000 6 1 2.1453 0.0000
$TROP 2045 244448.000 6 1 2.1476 0.0000
$TROP 2045 244449.000 6 1 2.1444 0.0000
$TROP 2045 244450.000 6 1 2.1445 0.0000
$TROP 2045 244451.000 6 1 2.1431 0.0000
$TROP 2045 244452.000 6 1 2.1413 0.0000
$TROP 2045 244453.000 6 1 2.1392 0.0000
$TROP 2045 244454.000 6 1 2.1366 0.0000
$TROP 2045 244455.000 6 1 2.1360 0.0000
$TROP 2045 244456.000 6 1 2.1334 0.0000
$TROP 2045 244457.000 6 1 2.1307 0.0000
$TROP 2045 244458.000 6 1 2.1293 0.0000
$TROP 2045 244459.000 6 1 2.1342 0.0000
$TROP 2045 244460.000 6 1 2.1359 0.0000
$TROP 2045 244461.000 6 1 2.1360 0.0000
$TROP 2045 244462.000 6 1 2.1414 0.0000
$TROP 2045 244463.000 6 1 2.1454 0.0000
$TROP 2045 244464.000 6 1 2.1508 0.0000
$TROP 2045 244465.000 6 1 2.1548 0.0000
$TROP 2045 244466.000 6 1 2.1569 0.0000
$TROP 2045 244467.000 6 1 2.1590 0.0000
$TROP 2045 244468.000 6 1 2.1582 0.0000
$TROP 2045 244469.000 6 1 2.1582 0.0000
$TROP 2045 244470.000 6 1 2.1608 0.0000
$TROP 2045 244471.000 6 1 2.1620 0.0000
$TROP 2045 244472.000 6 1 2.1618 0.0000
$TROP 2045 244473.000 6 1 2.1600 0.0000
$TROP 2045 244474.000 6 1 2.1609 0.0000
$TROP 2045 244475.000 6 1 2.1654 0.0000
$TROP 2045 244476.000 6 1 2.1669 0.0000
$TROP 2045 244477.000 6 1 2.1678 0.0000
$TROP 2045 244478.000 6 1 2.1637 0.0000
$TROP 2045 244479.000 6 1 2.1594 0.0000
$TROP 2045 244480.000 6 1 2.1553 0.0000
$TROP 2045 244481.000 6 1 2.1558 0.0000
$TROP 2045 244482.000 6 1 2.1583 0.0000
$TROP 2045 244483.000 6 1 2.1600 0.0000
$TROP 2045 244484.000 6 1 2.1605 0.0000
$TROP 2045 244485.000 6 1 2.1603 0.0000
$TROP 2045 244486.000 6 1 2.1593 0.0000
$TROP 2045 244487.000 6 1 2.1573 0.0000
$TROP 2045 244488.000 6 1 2.1565 0.0000
$TROP 2045 244489.000 6 1 2.1543 0.0000
$TROP 2045 244490.000 6 1 2.1511 0.0000
$TROP 2045 244491.000 6 1 2.1478 0.0000
$TROP 2045 244492.000 6 1 2.1455 0.0000
$TROP 2045 244493.000 6 1 2.1430 0.0000
$TROP 2045 244494.000 6 1 2.1389 0.0000
$TROP 2045 244495.000 6 1 2.1352 0.0000
$TROP 2045 244496.000 6 1 2.1381 0.0000
$TROP 2045 244497.000 6 1 2.1395 0.0000
$TROP 2045 244498.000 6 1 2.1389 0.0000
$TROP 2045 244499.000 6 1 2.1381 0.0000
$TROP 2045 244500.000 6 1 2.1332 0.0000
$TROP 2045 244501.000 6 1 2.1293 0.0000
$TROP 2045 244502.000 6 1 2.1245 0.0000
$TROP 2045 244503.000 6 1 2.1205 0.0000
$TROP 2045 244504.000 6 1 2.1159 0.0000
$TROP 2045 244505.000 6 1 2.1152 0.0000
$TROP 2045 244506.000 6 1 2.1125 0.0000
$TROP 2045 244507.000 6 1 2.1069 0.0000
$TROP 2045 244508.000 6 1 2.1025 0.0000
$TROP 2045 244509.000 6 1 2.0976 0.0000
$TROP 2045 244510.000 6 1 2.0932 0.0000
$TROP 2045 244511.000 6 1 2.0871 0.0000
$TROP 2045 244512.000 6 1 2.0831 0.0000
$TROP 2045 244513.000 6 1 2.0830 0.0000
$TROP 2045 244514.000 6 1 2.0833 0.0000
$TROP 2045 244515.000 6 1 2.0821 0.0000
$TROP 2045 244516.000 6 1 2.0813 0.0000
$TROP 2045 244517.000 6 1 2.0795 0.0000
$TROP 2045 244518.000 6 1 2.0762 0.0000
$TROP 2045 244519.000 6 1 2.0717 0.0000
$TROP 2045 244520.000 6 1 2.0677 0.0000
$TROP 2045 244521.000 6 1 2.0587 0.0000
$TROP 2045 244522.000 6 1 2.0554 0.0000
$TROP 2045 244523.000 6 1 2.0494 0.0000
$TROP 2045 244524.000 6 1 2.0452 0.0000
$TROP 2045 244525.000 6 1 2.0422 0.0000
$TROP 2045 244526.000 6 1 2.0370 0.0000
$TROP 2045 244527.000 6 1 2.0321 0.0000
$TROP 2045 244528.000 6 1 2.0276 0.0000
$TROP 2045 244529.000 6 1 2.0237 0.0000
$TROP 2045 244530.000 6 1 2.0196 0.0000
$TROP 2045 244531.000 6 1 2.0148 0.0000
$TROP 2045 244532.000 6 1 2.0107 0.0000
$TROP 2045 244533.000 6 1 2.0065 0.0000
$TROP 2045 244534.000 6 1 2.0033 0.0000
$TROP 2045 244535.000 6 1 1.9985 0.0000
$TROP 2045 244536.000 6 1 1.9943 0.0000
$TROP 2045 244537.000 6 1 1.9914 0.0000
$TROP 2045 244538.000 6 1 1.9888 0.0000
$TROP 2045 244539.000 6 1 1.9875 0.0000
$TROP 2045 244540.000 6 1 1.9867 0.0000
$TROP 2045 244541.000 6 1 1.9856 0.0000
$TROP 2045 244542.000 6 1 1.9843 0.0000
$TROP 2045 244543.000 6 1 1.9813 0.0000
$TROP 2045 244544.000 6 1 1.9786 0.0000
$TROP 2045 244545.000 6 1 1.9761 0.0000
$TROP 2045 244546.000 6 1 1.9733 0.0000
$TROP 2045 244547.000 6 1 1.9698 0.0000
$TROP 2045 244548.000 6 1 1.9670 0.0000
$TROP 2045 244549.000 6 1 1.9644 0.0000
$TROP 2045 244550.000 6 1 1.9608 0.0000
$TROP 2045 244551.000 6 1 1.9572 0.0000
$TROP 2045 244552.000 6 1 1.9521 0.0000
$TROP 2045 244553.000 6 1 1.9460 0.0000
$TROP 2045 244554.000 6 1 1.9406 0.0000
$TROP 2045 244555.000 6 1 1.9354 0.0000
$TROP 2045 244556.000 6 1 1.9312 0.0000
$TROP 2045 244557.000 6 1 1.9276 0.0000
$TROP 2045 244558.000 6 1 1.9244 0.0000
$TROP 2045 244559.000 6 1 1.9192 0.0000
$TROP 2045 244560.000 6 1 1.9158 0.0000
$TROP 2045 244561.000 6 1 1.9133 0.0000
$TROP 2045 244562.000 6 1 1.9079 0.0000
$TROP 2045 244563.000 6 1 1.9030 0.0000
$TROP 2045 244564.000 6 1 1.8974 0.0000
$TROP 2045 244565.000 6 1 1.8933 0.0000
$TROP 2045 244566.000 6 1 1.8889 0.0000
$TROP 2045 244567.000 6 1 1.8845 0.0000
$TROP 2045 244568.000 6 1 1.8801 0.0000
$TROP 2045 244569.000 6 1 1.8759 0.0000
$TROP 2045 244570.000 6 1 1.8717 0.0000
$TROP 2045 244571.000 6 1 1.8674 0.0000
$TROP 2045 244572.000 6 1 1.8631 0.0000
$TROP 2045 244573.000 6 1 1.8597 0.0000
$TROP 2045 244574.000 6 1 1.8569 0.0000
$TROP 2045 244575.000 6 1 1.8539 0.0000
$TROP 2045 244576.000 6 1 1.8514 0.0000
$TROP 2045 244577.000 6 1 1.8472 0.0000
$TROP 2045 244578.000 6 1 1.8429 0.0000
$TROP 2045 244579.000 6 1 1.8380 0.0000
$TROP 2045 244580.000 6 1 1.8314 0.0000
$TROP 2045 244581.000 6 1 1.8252 0.0000
$TROP 2045 244582.000 6 1 1.8189 0.0000
$TROP 2045 244583.000 6 1 1.8129 0.0000
$TROP 2045 244584.000 6 1 1.8069 0.0000
$TROP 2045 244585.000 6 1 1.8009 0.0000
$TROP 2045 244586.000 6 1 1.7926 0.0000
$TROP 2045 244587.000 6 1 1.7870 0.0000
$TROP 2045 244588.000 6 1 1.7808 0.0000
$TROP 2045 244589.000 6 1 1.7757 0.0000
$TROP 2045 244590.000 6 1 1.7728 0.0000
$TROP 2045 244591.000 6 1 1.7700 0.0000
$TROP 2045 244592.000 6 1 1.7741 0.0000
$TROP 2045 244593.000 6 1 1.7760 0.0000
$TROP 2045 244594.000 6 1 1.7764 0.0000
$TROP 2045 244595.000 6 1 1.7784 0.0000
$TROP 2045 244596.000 6 1 1.7788 0.0000
$TROP 2045 244597.000 6 1 1.7788 0.0000
$TROP 2045 244598.000 6 1 1.7802 0.0000
$TROP 2045 244599.000 6 1 1.7823 0.0000
$TROP 2045 244600.000 6 1 1.7843 0.0000
$TROP 2045 244601.000 6 1 1.7824 0.0000
$TROP 2045 244602.000 6 1 1.7806 0.0000
$TROP 2045 244603.000 6 1 1.7795 0.0000
$TROP 2045 244604.000 6 1 1.7781 0.0000
$TROP 2045 244605.000 6 1 1.7782 0.0000
$TROP 2045 244606.000 6 1 1.7784 0.0000
$TROP 2045 244607.000 6 1 1.7788 0.0000
$TROP 2045 244608.000 6 1 1.7794 0.0000
$TROP 2045 244609.000 6 1 1.7796 0.0000
$TROP 2045 244610.000 6 1 1.7785 0.0000
$TROP 2045 244611.000 6 1 1.7772 0.0000
$TROP 2045 244612.000 6 1 1.7766 0.0000
$TROP 2045 244613.000 6 1 1.7757 0.0000
$TROP 2045 244614.000 6 1 1.7750 0.0000
$TROP 2045 244615.000 6 1 1.7742 0.0000
$TROP 2045 244616.000 6 1 1.7732 0.0000
$TROP 2045 244617.000 6 1 1.7720 0.0000
$TROP 2045 244618.000 6 1 1.7703 0.0000
$TROP 2045 244619.000 6 1 1.7685 0.0000
$TROP 2045 244620.000 6 1 1.7670 0.0000
$TROP 2045 244621.000 6 1 1.7655 0.0000
$TROP 2045 244622.000 6 1 1.7643 0.0000
$TROP 2045 244623.000 6 1 1.7633 0.0000
$TROP 2045 244624.000 6 1 1.7623 0.0000
$TROP 2045 244625.000 6 1 1.7614 0.0000
$TROP 2045 244626.000 6 1 1.7604 0.0000
$TROP 2045 244627.000 6 1 1.7593 0.0000
$TROP 2045 244628.000 6 1 1.7583 0.0000
$TROP 2045 244629.000 6 1 1.7576 0.0000
$TROP 2045 244630.000 6 1 1.7571 0.0000
$TROP 2045 244631.000 6 1 1.7564 0.0000
$TROP 2045 244632.000 6 1 1.7557 0.0000
$TROP 2045 244633.000 6 1 1.7550 0.0000
$TROP 2045 244634.000 6 1 1.7542 0.0000
$TROP 2045 244635.000 6 1 1.7534 0.0000
$TROP 2045 244636.000 6 1 1.7522 0.0000
$TROP 2045 244637.000 6 1 1.7509 0.0000
$TROP 2045 244638.000 6 1 1.7494 0.0000
$TROP 2045 244639.000 6 1 1.7482 0.0000
$TROP 2045 244640.000 6 1 1.7467 0.0000
$TROP 2045 244641.000 6 1 1.7452 0.0000
$TROP 2045 244642.000 6 1 1.7439 0.0000
$TROP 2045 244643.000 6 1 1.7429 0.0000
$TROP 2045 244644.000 6 1 1.7418 0.0000
$TROP 2045 244645.000 6 1 1.7408 0.0000
$TROP 2045 244646.000 6 1 1.7403 0.0000
$TROP 2045 244647.000 6 1 1.7397 0.0000
$TROP 2045 244648.000 6 1 1.7390 0.0000
$TROP 2045 244649.000 6 1 1.7384 0.0000
$TROP 2045 244650.000 6 1 1.7375 0.0000
$TROP 2045 244651.000 6 1 1.7366 0.0000
$TROP 2045 244652.000 6 1 1.7360 0.0000
$TROP 2045 244653.000 6 1 1.7353 0.0000
$TROP 2045 244654.000 6 1 1.7345 0.0000
$TROP 2045 244655.000 6 1 1.7336 0.0000
$TROP 2045 244656.000 6 1 1.7328 0.0000
$TROP 2045 244657.000 6 1 1.7318 0.0000
$TROP 2045 244658.000 6 1 1.7309 0.0000
$TROP 2045 244659.000 6 1 1.7301 0.0000
$TROP 2045 244660.000 6 1 1.7295 0.0000
$TROP 2045 244661.000 6 1 1.7285 0.0000
$TROP 2045 244662.000 6 1 1.7280 0.0000
$TROP 2045 244663.000 6 1 1.7273 0.0000
$TROP 2045 244664.000 6 1 1.7268 0.0000
$TROP 2045 244665.000 6 1 1.7266 0.0000
$TROP 2045 244666.000 6 1 1.7263 0.0000
$TROP 2045 244667.000 6 1 1.7266 0.0000
$TROP 2045 244668.000 6 1 1.7277 0.0000
$TROP 2045 244669.000 6 1 1.7295 0.0000
$TROP 2045 244670.000 6 1 1.7316 0.0000
$TROP 2045 244671.000 6 1 1.7338 0.0000
$TROP 2045 244672.000 6 1 1.7358 0.0000
$TROP 2045 244673.000 6 1 1.7358 0.0000
$TROP 2045 244674.000 6 1 1.7354 0.0000
$TROP 2045 244675.000 6 1 1.7348 0.0000
$TROP 2045 244676.000 6 1 1.7341 0.0000
$TROP 2045 244677.000 6 1 1.7338 0.0000
$TROP 2045 244678.000 6 1 1.7334 0.0000
$TROP 2045 244679.000 6 1 1.7340 0.0000
$TROP 2045 244680.000 6 1 1.7343 0.0000
$TROP 2045 244681.000 6 1 1.7349 0.0000
$TROP 2045 244682.000 6 1 1.7357 0.0000
$TROP 2045 244683.000 6 1 1.7363 0.0000
$TROP 2045 244684.000 6 1 1.7374 0.0000
$TROP 2045 244685.000 6 1 1.7376 0.0000
$TROP 2045 244686.000 6 1 1.7380 0.0000
$TROP 2045 244687.000 6 1 1.7382 0.0000
$TROP 2045 244688.000 6 1 1.7383 0.0000
$TROP 2045 244689.000 6 1 1.7385 0.0000
$TROP 2045 244690.000 6 1 1.7382 0.0000
$TROP 2045 244691.000 6 1 1.7381 0.0000
$TROP 2045 244692.000 6 1 1.7383 0.0000
$TROP 2045 244693.000 6 1 1.7382 0.0000
$TROP 2045 244694.000 6 1 1.7381 0.0000
$TROP 2045 244695.000 6 1 1.7386 0.0000
$TROP 2045 244696.000 6 1 1.7389 0.0000
$TROP 2045 244697.000 6 1 1.7394 0.0000
$TROP 2045 244698.000 6 1 1.7400 0.0000
$TROP 2045 244699.000 6 1 1.7405 0.0000
$TROP 2045 244700.000 6 1 1.7410 0.0000
$TROP 2045 244701.000 6 1 1.7408 0.0000
$TROP 2045 244702.000 6 1 1.7405 0.0000
$TROP 2045 244703.000 6 1 1.7404 0.0000
$TROP 2045 244704.000 6 1 1.7401 0.0000
$TROP 2045 244705.000 6 1 1.7395 0.0000
$TROP 2045 244706.000 6 1 1.7389 0.0000
$TROP 2045 244707.000 6 1 1.7388 0.0000
$TROP 2045 244708.000 6 1 1.7383 0.0000
$TROP 2045 244709.000 6 1 1.7379 0.0000
$TROP 2045 244710.000 6 1 1.7377 0.0000
$TROP 2045 244711.000 6 1 1.7374 0.0000
$TROP 2045 244712.000 6 1 1.7367 0.0000
$TROP 2045 244713.000 6 1 1.7363 0.0000
$TROP 2045 244714.000 6 1 1.7352 0.0000
$TROP 2045 244715.000 6 1 1.7347 0.0000
$TROP 2045 244716.000 6 1 1.7338 0.0000
$TROP 2045 244717.000 6 1 1.7336 0.0000
$TROP 2045 244718.000 6 1 1.7332 0.0000
$TROP 2045 244719.000 6 1 1.7335 0.0000
$TROP 2045 244720.000 6 1 1.7338 0.0000
$TROP 2045 244721.000 6 1 1.7341 0.0000
$TROP 2045 244722.000 6 1 1.7344 0.0000
$TROP 2045 244723.000 6 1 1.7340 0.0000
$TROP 2045 244724.000 6 1 1.7338 0.0000
$TROP 2045 244725.000 6 1 1.7335 0.0000
$TROP 2045 244726.000 6 1 1.7333 0.0000
$TROP 2045 244727.000 6 1 1.7333 0.0000
$TROP 2045 244728.000 6 1 1.7333 0.0000
$TROP 2045 244729.000 6 1 1.7334 0.0000
$TROP 2045 244730.000 6 1 1.7336 0.0000
$TROP 2045 244731.000 6 1 1.7338 0.0000
$TROP 2045 244732.000 6 1 1.7338 0.0000
$TROP 2045 244733.000 6 1 1.7337 0.0000
$TROP 2045 244734.000 6 1 1.7336 0.0000
$TROP 2045 244735.000 6 1 1.7338 0.0000
$TROP 2045 244736.000 6 1 1.7341 0.0000
$TROP 2045 244737.000 6 1 1.7339 0.0000
$TROP 2045 244738.000 6 1 1.7339 0.0000
$TROP 2045 244739.000 6 1 1.7337 0.0000
$TROP 2045 244740.000 6 1 1.7339 0.0000
$TROP 2045 244741.000 6 1 1.7338 0.0000
$TROP 2045 244742.000 6 1 1.7338 0.0000
$TROP 2045 244743.000 6 1 1.7338 0.0000
$TROP 2045 244744.000 6 1 1.7337 0.0000
$TROP 2045 244745.000 6 1 1.7336 0.0000
$TROP 2045 244746.000 6 1 1.7332 0.0000
$TROP 2045 244747.000 6 1 1.7336 0.0000
$TROP 2045 244748.000 6 1 1.7339 0.0000
$TROP 2045 244749.000 6 1 1.7341 0.0000
$TROP 2045 244750.000 6 1 1.7342 0.0000
$TROP 2045 244751.000 6 1 1.7340 0.0000
$TROP 2045 244752.000 6 1 1.7336 0.0000
$TROP 2045 244753.000 6 1 1.7332 0.0000
$TROP 2045 244754.000 6 1 1.7330 0.0000
$TROP 2045 244755.000 6 1 1.7328 0.0000
$TROP 2045 244756.000 6 1 1.7331 0.0000
$TROP 2045 244757.000 6 1 1.7333 0.0000
$TROP 2045 244758.000 6 1 1.7338 0.0000
$TROP 2045 244759.000 6 1 1.7344 0.0000
$TROP 2045 244760.000 6 1 1.7352 0.0000
$TROP 2045 244761.000 6 1 1.7358 0.0000
$TROP 2045 244762.000 6 1 1.7364 0.0000
$TROP 2045 244763.000 6 1 1.7369 0.0000
$TROP 2045 244764.000 6 1 1.7374 0.0000
$TROP 2045 244765.000 6 1 1.7379 0.0000
$TROP 2045 244766.000 6 1 1.7385 0.0000
$TROP 2045 244767.000 6 1 1.7388 0.0000
$TROP 2045 244768.000 6 1 1.7394 0.0000
$TROP 2045 244769.000 6 1 1.7399 0.0000
$TROP 2045 244770.000 6 1 1.7406 0.0000
$TROP 2045 244771.000 6 1 1.7413 0.0000
$TROP 2045 244772.000 6 1 1.7419 0.0000
$TROP 2045 244773.000 6 1 1.7422 0.0000
$TROP 2045 244774.000 6 1 1.7425 0.0000
$TROP 2045 244775.000 6 1 1.7429 0.0000
$TROP 2045 244776.000 6 1 1.7432 0.0000
$TROP 2045 244777.000 6 1 1.7439 0.0000
$TROP 2045 244778.000 6 1 1.7445 0.0000
$TROP 2045 244779.000 6 1 1.7452 0.0000
$TROP 2045 244780.000 6 1 1.7460 0.0000
$TROP 2045 244781.000 6 1 1.7469 0.0000
$TROP 2045 244782.000 6 1 1.7477 0.0000
$TROP 2045 244783.000 6 1 1.7484 0.0000
$TROP 2045 244784.000 6 1 1.7490 0.0000
$TROP 2045 244785.000 6 1 1.7497 0.0000
$TROP 2045 244786.000 6 1 1.7503 0.0000
$TROP 2045 244787.000 6 1 1.7509 0.0000
$TROP 2045 244788.000 6 1 1.7515 0.0000
$TROP 2045 244789.000 6 1 1.7522 0.0000
$TROP 2045 244790.000 6 1 1.7527 0.0000
$TROP 2045 244791.000 6 1 1.7532 0.0000
$TROP 2045 244792.000 6 1 1.7533 0.0000
$TROP 2045 244793.000 6 1 1.7531 0.0000
$TROP 2045 244794.000 6 1 1.7527 0.0000
$TROP 2045 244795.000 6 1 1.7523 0.0000
$TROP 2045 244796.000 6 1 1.7517 0.0000
$TROP 2045 244797.000 6 1 1.7512 0.0000
$TROP 2045 244798.000 6 1 1.7506 0.0000
$TROP 2045 244799.000 6 1 1.7501 0.0000
$TROP 2045 244800.000 6 1 1.7499 0.0000
$TROP 2045 244801.000 6 1 1.7497 0.0000
$TROP 2045 244802.000 6 1 1.7493 0.0000
$TROP 2045 244803.000 6 1 1.7493 0.0000
$TROP 2045 244804.000 6 1 1.7494 0.0000
$TROP 2045 244805.000 6 1 1.7495 0.0000
$TROP 2045 244806.000 6 1 1.7493 0.0000
$TROP 2045 244807.000 6 1 1.7495 0.0000
$TROP 2045 244808.000 6 1 1.7495 0.0000
$TROP 2045 244809.000 6 1 1.7495 0.0000
$TROP 2045 244810.000 6 1 1.7492 0.0000
$TROP 2045 244811.000 6 1 1.7490 0.0000
$TROP 2045 244812.000 6 1 1.7487 0.0000
$TROP 2045 244813.000 6 1 1.7484 0.0000
$TROP 2045 244814.000 6 1 1.7480 0.0000
$TROP 2045 244815.000 6 1 1.7478 0.0000
$TROP 2045 244816.000 6 1 1.7476 0.0000
$TROP 2045 244817.000 6 1 1.7476 0.0000
$TROP 2045 244818.000 6 1 1.7475 0.0000
$TROP 2045 244819.000 6 1 1.7473 0.0000
$TROP 2045 244820.000 6 1 1.7468 0.0000
$TROP 2045 244821.000 6 1 1.7468 0.0000
$TROP 2045 244822.000 6 1 1.7467 0.0000
$TROP 2045 244823.000 6 1 1.7469 0.0000
$TROP 2045 244824.000 6 1 1.7471 0.0000
$TROP 2045 244825.000 6 1 1.7471 0.0000
$TROP 2045 244826.000 6 1 1.7468 0.0000
$TROP 2045 244827.000 6 1 1.7467 0.0000
$TROP 2045 244828.000 6 1 1.7468 0.0000
$TROP 2045 244829.000 6 1 1.7468 0.0000
$TROP 2045 244830.000 6 1 1.7468 0.0000
$TROP 2045 244831.000 6 1 1.7466 0.0000
$TROP 2045 244832.000 6 1 1.7467 0.0000
$TROP 2045 244833.000 6 1 1.7471 0.0000
$TROP 2045 244834.000 6 1 1.7470 0.0000
$TROP 2045 244835.000 6 1 1.7469 0.0000
$TROP 2045 244836.000 6 1 1.7462 0.0000
$TROP 2045 244837.000 6 1 1.7457 0.0000
$TROP 2045 244838.000 6 1 1.7445 0.0000
$TROP 2045 244839.000 6 1 1.7444 0.0000
$TROP 2045 244840.000 6 1 1.7446 0.0000
$TROP 2045 244841.000 6 1 1.7451 0.0000
$TROP 2045 244842.000 6 1 1.7454 0.0000
$TROP 2045 244843.000 6 1 1.7466 0.0000
$TROP 2045 244844.000 6 1 1.7476 0.0000
$TROP 2045 244845.000 6 1 1.7492 0.0000
$TROP 2045 244846.000 6 1 1.7504 0.0000
$TROP 2045 244847.000 6 1 1.7501 0.0000
$TROP 2045 244848.000 6 1 1.7499 0.0000
$TROP 2045 244849.000 6 1 1.7499 0.0000
$TROP 2045 244850.000 6 1 1.7500 0.0000
$TROP 2045 244851.000 6 1 1.7499 0.0000
$TROP 2045 244852.000 6 1 1.7498 0.0000
$TROP 2045 244853.000 6 1 1.7497 0.0000
$TROP 2045 244854.000 6 1 1.7496 0.0000
$TROP 2045 244855.000 6 1 1.7496 0.0000
$TROP 2045 244856.000 6 1 1.7496 0.0000
$TROP 2045 244857.000 6 1 1.7494 0.0000
$TROP 2045 244858.000 6 1 1.7489 0.0000
$TROP 2045 244859.000 6 1 1.7483 0.0000
$TROP 2045 244860.000 6 1 1.7479 0.0000
$TROP 2045 244861.000 6 1 1.7473 0.0000
$TROP 2045 244862.000 6 1 1.7468 0.0000
$TROP 2045 244863.000 6 1 1.7465 0.0000
$TROP 2045 244864.000 6 1 1.7463 0.0000
$TROP 2045 244865.000 6 1 1.7461 0.0000
$TROP 2045 244866.000 6 1 1.7461 0.0000
$TROP 2045 244867.000 6 1 1.7462 0.0000
$TROP 2045 244868.000 6 1 1.7462 0.0000
$TROP 2045 244869.000 6 1 1.7462 0.0000
$TROP 2045 244870.000 6 1 1.7461 0.0000
$TROP 2045 244871.000 6 1 1.7459 0.0000
$TROP 2045 244872.000 6 1 1.7457 0.0000
$TROP 2045 244873.000 6 1 1.7453 0.0000
$TROP 2045 244874.000 6 1 1.7449 0.0000
$TROP 2045 244875.000 6 1 1.7442 0.0000
$TROP 2045 244876.000 6 1 1.7437 0.0000
$TROP 2045 244877.000 6 1 1.7434 0.0000
$TROP 2045 244878.000 6 1 1.7429 0.0000
$TROP 2045 244879.000 6 1 1.7424 0.0000
$TROP 2045 244880.000 6 1 1.7419 0.0000
$TROP 2045 244881.000 6 1 1.7415 0.0000
$TROP 2045 244882.000 6 1 1.7412 0.0000
$TROP 2045 244883.000 6 1 1.7409 0.0000
$TROP 2045 244884.000 6 1 1.7405 0.0000
$TROP 2045 244885.000 6 1 1.7401 0.0000
$TROP 2045 244886.000 6 1 1.7394 0.0000
$TROP 2045 244887.000 6 1 1.7389 0.0000
$TROP 2045 244888.000 6 1 1.7385 0.0000
$TROP 2045 244889.000 6 1 1.7380 0.0000
$TROP 2045 244890.000 6 1 1.7373 0.0000
$TROP 2045 244891.000 6 1 1.7367 0.0000
$TROP 2045 244892.000 6 1 1.7363 0.0000
$TROP 2045 244893.000 6 1 1.7361 0.0000
$TROP 2045 244894.000 6 1 1.7362 0.0000
$TROP 2045 244895.000 6 1 1.7363 0.0000
$TROP 2045 244896.000 6 1 1.7363 0.0000
$TROP 2045 244897.000 6 1 1.7362 0.0000
$TROP 2045 244898.000 6 1 1.7360 0.0000
$TROP 2045 244899.000 6 1 1.7358 0.0000
$TROP 2045 244900.000 6 1 1.7356 0.0000
$TROP 2045 244901.000 6 1 1.7355 0.0000
$TROP 2045 244902.000 6 1 1.7356 0.0000
$TROP 2045 244903.000 6 1 1.7345 0.0000
$TROP 2045 244904.000 6 1 1.7346 0.0000
$TROP 2045 244905.000 6 1 1.7346 0.0000
$TROP 2045 244906.000 6 1 1.7349 0.0000
$TROP 2045 244907.000 6 1 1.7351 0.0000
$TROP 2045 244908.000 6 1 1.7355 0.0000
$TROP 2045 244909.000 6 1 1.7359 0.0000
$TROP 2045 244910.000 6 1 1.7362 0.0000
$TROP 2045 244911.000 6 1 1.7359 0.0000
$TROP 2045 244912.000 6 1 1.7359 0.0000
$TROP 2045 244913.000 6 1 1.7357 0.0000
$TROP 2045 244914.000 6 1 1.7354 0.0000
$TROP 2045 244915.000 6 1 1.7355 0.0000
$TROP 2045 244916.000 6 1 1.7351 0.0000
$TROP 2045 244917.000 6 1 1.7347 0.0000
$TROP 2045 244918.000 6 1 1.7344 0.0000
$TROP 2045 244919.000 6 1 1.7342 0.0000
$TROP 2045 244920.000 6 1 1.7340 0.0000
$TROP 2045 244921.000 6 1 1.7338 0.0000
$TROP 2045 244922.000 6 1 1.7334 0.0000
$TROP 2045 244923.000 6 1 1.7329 0.0000
$TROP 2045 244924.000 6 1 1.7326 0.0000
$TROP 2045 244925.000 6 1 1.7324 0.0000
$TROP 2045 244926.000 6 1 1.7322 0.0000
$TROP 2045 244927.000 6 1 1.7317 0.0000
$TROP 2045 244928.000 6 1 1.7311 0.0000
$TROP 2045 244929.000 6 1 1.7309 0.0000
$TROP 2045 244930.000 6 1 1.7306 0.0000
$TROP 2045 244931.000 6 1 1.7303 0.0000
$TROP 2045 244932.000 6 1 1.7299 0.0000
$TROP 2045 244933.000 6 1 1.7293 0.0000
$TROP 2045 244934.000 6 1 1.7287 0.0000
$TROP 2045 244935.000 6 1 1.7284 0.0000
$TROP 2045 244936.000 6 1 1.7281 0.0000
$TROP 2045 244937.000 6 1 1.7279 0.0000
$TROP 2045 244938.000 6 1 1.7277 0.0000
$TROP 2045 244939.000 6 1 1.7274 0.0000
$TROP 2045 244940.000 6 1 1.7273 0.0000
$TROP 2045 244941.000 6 1 1.7272 0.0000
$TROP 2045 244942.000 6 1 1.7271 0.0000
$TROP 2045 244943.000 6 1 1.7269 0.0000
$TROP 2045 244944.000 6 1 1.7267 0.0000
$TROP 2045 244945.000 6 1 1.7266 0.0000
$TROP 2045 244946.000 6 1 1.7262 0.0000
$TROP 2045 244947.000 6 1 1.7257 0.0000
$TROP 2045 244948.000 6 1 1.7255 0.0000
$TROP 2045 244949.000 6 1 1.7254 0.0000
$TROP 2045 244950.000 6 1 1.7254 0.0000
$TROP 2045 244951.000 6 1 1.7253 0.0000
$TROP 2045 244952.000 6 1 1.7252 0.0000
$TROP 2045 244953.000 6 1 1.7251 0.0000
$TROP 2045 244954.000 6 1 1.7251 0.0000
$TROP 2045 244955.000 6 1 1.7251 0.0000
$TROP 2045 244956.000 6 1 1.7250 0.0000
$TROP 2045 244957.000 6 1 1.7249 0.0000
$TROP 2045 244958.000 6 1 1.7250 0.0000
$TROP 2045 244959.000 6 1 1.7251 0.0000
$TROP 2045 244960.000 6 1 1.7245 0.0000
$TROP 2045 244961.000 6 1 1.7245 0.0000
$TROP 2045 244962.000 6 1 1.7246 0.0000
$TROP 2045 244963.000 6 1 1.7247 0.0000
$TROP 2045 244964.000 6 1 1.7247 0.0000
$TROP 2045 244965.000 6 1 1.7247 0.0000
$TROP 2045 244966.000 6 1 1.7247 0.0000
$TROP 2045 244967.000 6 1 1.7247 0.0000
$TROP 2045 244968.000 6 1 1.7247 0.0000
$TROP 2045 244969.000 6 1 1.7239 0.0000
$TROP 2045 244970.000 6 1 1.7233 0.0000
$TROP 2045 244971.000 6 1 1.7228 0.0000
$TROP 2045 244972.000 6 1 1.7224 0.0000
$TROP 2045 244973.000 6 1 1.7222 0.0000
$TROP 2045 244974.000 6 1 1.7219 0.0000
$TROP 2045 244975.000 6 1 1.7218 0.0000
$TROP 2045 244976.000 6 1 1.7215 0.0000
$TROP 2045 244977.000 6 1 1.7213 0.0000
$TROP 2045 244978.000 6 1 1.7214 0.0000
$TROP 2045 244979.000 6 1 1.7218 0.0000
$TROP 2045 244980.000 6 1 1.7222 0.0000
$TROP 2045 244981.000 6 1 1.7225 0.0000
$TROP 2045 244982.000 6 1 1.7228 0.0000
$TROP 2045 244983.000 6 1 1.7229 0.0000
$TROP 2045 244984.000 6 1 1.7232 0.0000
$TROP 2045 244985.000 6 1 1.7233 0.0000
$TROP 2045 244986.000 6 1 1.7231 0.0000
$TROP 2045 244987.000 6 1 1.7228 0.0000
$TROP 2045 244988.000 6 1 1.7223 0.0000
$TROP 2045 244989.000 6 1 1.7218 0.0000
$TROP 2045 244990.000 6 1 1.7213 0.0000
$TROP 2045 244991.000 6 1 1.7207 0.0000
$TROP 2045 244992.000 6 1 1.7204 0.0000
$TROP 2045 244993.000 6 1 1.7201 0.0000
$TROP 2045 244994.000 6 1 1.7198 0.0000
$TROP 2045 244995.000 6 1 1.7199 0.0000
$TROP 2045 244996.000 6 1 1.7194 0.0000
$TROP 2045 244997.000 6 1 1.7191 0.0000
$TROP 2045 244998.000 6 1 1.7187 0.0000
$TROP 2045 244999.000 6 1 1.7185 0.0000
$TROP 2045 245000.000 6 1 1.7184 0.0000
$TROP 2045 245001.000 6 1 1.7183 0.0000
$TROP 2045 245002.000 6 1 1.7182 0.0000
$TROP 2045 245003.000 6 1 1.7182 0.0000
$TROP 2045 245004.000 6 1 1.7180 0.0000
$TROP 2045 245005.000 6 1 1.7177 0.0000
$TROP 2045 245006.000 6 1 1.7173 0.0000
$TROP 2045 245007.000 6 1 1.7172 0.0000
$TROP 2045 245008.000 6 1 1.7173 0.0000
$TROP 2045 245009.000 6 1 1.7173 0.0000
$TROP 2045 245010.000 6 1 1.7174 0.0000
$TROP 2045 245011.000 0 1 1.7174 0.0000
$TROP 2045 245012.000 5 1 1.7174 0.0000
$TROP 2045 245013.000 5 1 1.7174 0.0000
$TROP 2045 245014.000 5 1 1.7174 0.0000
$TROP 2045 245015.000 5 1 1.7174 0.0000
$TROP 2045 245016.000 5 1 1.7174 0.0000
$TROP 2045 245017.000 6 1 1.7172 0.0000
$TROP 2045 245018.000 6 1 1.7170 0.0000
$TROP 2045 245019.000 6 1 1.7169 0.0000
$TROP 2045 245020.000 6 1 1.7168 0.0000
$TROP 2045 245021.000 6 1 1.7167 0.0000
$TROP 2045 245022.000 6 1 1.7166 0.0000
$TROP 2045 245023.000 6 1 1.7166 0.0000
$TROP 2045 245024.000 6 1 1.7165 0.0000
$TROP 2045 245025.000 6 1 1.7164 0.0000
$TROP 2045 245026.000 6 1 1.7165 0.0000
$TROP 2045 245027.000 6 1 1.7165 0.0000
$TROP 2045 245028.000 6 1 1.7165 0.0000
$TROP 2045 245029.000 6 1 1.7163 0.0000
$TROP 2045 245030.000 6 1 1.7162 0.0000
$TROP 2045 245031.000 6 1 1.7162 0.0000
$TROP 2045 245032.000 6 1 1.7162 0.0000
$TROP 2045 245033.000 6 1 1.7161 0.0000
$TROP 2045 245034.000 6 1 1.7161 0.0000
$TROP 2045 245035.000 6 1 1.7161 0.0000
$TROP 2045 245036.000 6 1 1.7161 0.0000
$TROP 2045 245037.000 6 1 1.7161 0.0000
$TROP 2045 245038.000 6 1 1.7161 0.0000
$TROP 2045 245039.000 6 1 1.7162 0.0000
$TROP 2045 245040.000 6 1 1.7162 0.0000
$TROP 2045 245041.000 6 1 1.7159 0.0000
$TROP 2045 245042.000 6 1 1.7156 0.0000
$TROP 2045 245043.000 6 1 1.7155 0.0000
$TROP 2045 245044.000 6 1 1.7153 0.0000
$TROP 2045 245045.000 6 1 1.7151 0.0000
$TROP 2045 245046.000 6 1 1.7149 0.0000
$TROP 2045 245047.000 6 1 1.7147 0.0000
$TROP 2045 245048.000 6 1 1.7145 0.0000
$TROP 2045 245049.000 6 1 1.7144 0.0000
$TROP 2045 245050.000 6 1 1.7142 0.0000
$TROP 2045 245051.000 6 1 1.7140 0.0000
$TROP 2045 245052.000 6 1 1.7139 0.0000
$TROP 2045 245053.000 6 1 1.7137 0.0000
$TROP 2045 245054.000 6 1 1.7136 0.0000
$TROP 2045 245055.000 6 1 1.7135 0.0000
$TROP 2045 245056.000 6 1 1.7135 0.0000
$TROP 2045 245057.000 6 1 1.7134 0.0000
$TROP 2045 245058.000 6 1 1.7134 0.0000
$TROP 2045 245059.000 6 1 1.7134 0.0000
$TROP 2045 245060.000 6 1 1.7133 0.0000
$TROP 2045 245061.000 6 1 1.7133 0.0000
$TROP 2045 245062.000 6 1 1.7133 0.0000
$TROP 2045 245063.000 6 1 1.7133 0.0000
$TROP 2045 245064.000 6 1 1.7133 0.0000
$TROP 2045 245065.000 6 1 1.7133 0.0000
$TROP 2045 245066.000 6 1 1.7133 0.0000
$TROP 2045 245067.000 6 1 1.7134 0.0000
$TROP 2045 245068.000 6 1 1.7134 0.0000
$TROP 2045 245069.000 6 1 1.7133 0.0000
$TROP 2045 245070.000 6 1 1.7132 0.0000
$TROP 2045 245071.000 6 1 1.7131 0.0000
$TROP 2045 245072.000 6 1 1.7130 0.0000
$TROP 2045 245073.000 6 1 1.7129 0.0000
$TROP 2045 245074.000 6 1 1.7128 0.0000
$TROP 2045 245075.000 6 1 1.7127 0.0000
$TROP 2045 245076.000 6 1 1.7126 0.0000
$TROP 2045 245077.000 6 1 1.7126 0.0000
$TROP 2045 245078.000 6 1 1.7126 0.0000
$TROP 2045 245079.000 6 1 1.7126 0.0000
$TROP 2045 245080.000 6 1 1.7128 0.0000
$TROP 2045 245081.000 6 1 1.7128 0.0000
$TROP 2045 245082.000 6 1 1.7129 0.0000
$TROP 2045 245083.000 6 1 1.7131 0.0000
$TROP 2045 245084.000 6 1 1.7131 0.0000
$TROP 2045 245085.000 6 1 1.7132 0.0000
$TROP 2045 245086.000 6 1 1.7132 0.0000
$TROP 2045 245087.000 6 1 1.7133 0.0000
$TROP 2045 245088.000 6 1 1.7134 0.0000
$TROP 2045 245089.000 6 1 1.7132 0.0000
$TROP 2045 245090.000 6 1 1.7130 0.0000
$TROP 2045 245091.000 6 1 1.7129 0.0000
$TROP 2045 245092.000 6 1 1.7127 0.0000
$TROP 2045 245093.000 6 1 1.7125 0.0000
$TROP 2045 245094.000 6 1 1.7124 0.0000
$TROP 2045 245095.000 6 1 1.7123 0.0000
$TROP 2045 245096.000 6 1 1.7122 0.0000
$TROP 2045 245097.000 6 1 1.7121 0.0000
$TROP 2045 245098.000 6 1 1.7120 0.0000
$TROP 2045 245099.000 6 1 1.7119 0.0000
$TROP 2045 245100.000 6 1 1.7118 0.0000
$TROP 2045 245101.000 6 1 1.7117 0.0000
$TROP 2045 245102.000 6 1 1.7116 0.0000
$TROP 2045 245103.000 6 1 1.7115 0.0000
$TROP 2045 245104.000 6 1 1.7113 0.0000
$TROP 2045 245105.000 6 1 1.7112 0.0000
$TROP 2045 245106.000 6 1 1.7111 0.0000
$TROP 2045 245107.000 6 1 1.7111 0.0000
$TROP 2045 245108.000 6 1 1.7110 0.0000
$TROP 2045 245109.000 6 1 1.7109 0.0000
$TROP 2045 245110.000 6 1 1.7108 0.0000
$TROP 2045 245111.000 6 1 1.7106 0.0000
$TROP 2045 245112.000 6 1 1.7105 0.0000
$TROP 2045 245113.000 6 1 1.7104 0.0000
$TROP 2045 245114.000 6 1 1.7102 0.0000
$TROP 2045 245115.000 6 1 1.7101 0.0000
$TROP 2045 245116.000 6 1 1.7100 0.0000
$TROP 2045 245117.000 6 1 1.7099 0.0000
$TROP 2045 245118.000 6 1 1.7099 0.0000
$TROP 2045 245119.000 6 1 1.7099 0.0000
$TROP 2045 245120.000 6 1 1.7099 0.0000
$TROP 2045 245121.000 6 1 1.7100 0.0000
$TROP 2045 245122.000 6 1 1.7103 0.0000
$TROP 2045 245123.000 6 1 1.7105 0.0000
$TROP 2045 245124.000 6 1 1.7107 0.0000
$TROP 2045 245125.000 6 1 1.7110 0.0000
$TROP 2045 245126.000 6 1 1.7113 0.0000
$TROP 2045 245127.000 6 1 1.7116 0.0000
$TROP 2045 245128.000 6 1 1.7118 0.0000
$TROP 2045 245129.000 6 1 1.7120 0.0000
$TROP 2045 245130.000 6 1 1.7122 0.0000
$TROP 2045 245131.000 6 1 1.7122 0.0000
$TROP 2045 245132.000 6 1 1.7122 0.0000
$TROP 2045 245133.000 6 1 1.7119 0.0000
$TROP 2045 245134.000 6 1 1.7118 0.0000
$TROP 2045 245135.000 6 1 1.7114 0.0000
$TROP 2045 245136.000 6 1 1.7112 0.0000
$TROP 2045 245137.000 6 1 1.7113 0.0000
$TROP 2045 245138.000 6 1 1.7116 0.0000
$TROP 2045 245139.000 6 1 1.7115 0.0000
$TROP 2045 245140.000 6 1 1.7113 0.0000
$TROP 2045 245141.000 6 1 1.7108 0.0000
$TROP 2045 245142.000 6 1 1.7106 0.0000
$TROP 2045 245143.000 6 1 1.7099 0.0000
$TROP 2045 245144.000 6 1 1.7093 0.0000
$TROP 2045 245145.000 6 1 1.7090 0.0000
$TROP 2045 245146.000 6 1 1.7084 0.0000
$TROP 2045 245147.000 6 1 1.7083 0.0000
$TROP 2045 245148.000 6 1 1.7081 0.0000
$TROP 2045 245149.000 6 1 1.7081 0.0000
$TROP 2045 245150.000 6 1 1.7078 0.0000
$TROP 2045 245151.000 6 1 1.7074 0.0000
$TROP 2045 245152.000 6 1 1.7070 0.0000
$TROP 2045 245153.000 6 1 1.7068 0.0000
$TROP 2045 245154.000 6 1 1.7066 0.0000
$TROP 2045 245155.000 6 1 1.7064 0.0000
$TROP 2045 245156.000 6 1 1.7063 0.0000
$TROP 2045 245157.000 6 1 1.7062 0.0000
$TROP 2045 245158.000 6 1 1.7062 0.0000
$TROP 2045 245159.000 6 1 1.7058 0.0000
$TROP 2045 245160.000 6 1 1.7056 0.0000
$TROP 2045 245161.000 6 1 1.7051 0.0000
$TROP 2045 245162.000 6 1 1.7046 0.0000
$TROP 2045 245163.000 6 1 1.7042 0.0000
$TROP 2045 245164.000 6 1 1.7039 0.0000
$TROP 2045 245165.000 6 1 1.7039 0.0000
$TROP 2045 245166.000 6 1 1.7038 0.0000
$TROP 2045 245167.000 6 1 1.7036 0.0000
$TROP 2045 245168.000 6 1 1.7033 0.0000
$TROP 2045 245169.000 6 1 1.7029 0.0000
$TROP 2045 245170.000 6 1 1.7026 0.0000
$TROP 2045 245171.000 6 1 1.7023 0.0000
$TROP 2045 245172.000 6 1 1.7024 0.0000
$TROP 2045 245173.000 6 1 1.7027 0.0000
$TROP 2045 245174.000 6 1 1.7026 0.0000
$TROP 2045 245175.000 6 1 1.7024 0.0000
$TROP 2045 245176.000 6 1 1.7022 0.0000
$TROP 2045 245177.000 6 1 1.7022 0.0000
$TROP 2045 245178.000 6 1 1.7020 0.0000
$TROP 2045 245179.000 6 1 1.7017 0.0000
$TROP 2045 245180.000 6 1 1.7014 0.0000
$TROP 2045 245181.000 6 1 1.7013 0.0000
$TROP 2045 245182.000 6 1 1.7014 0.0000
$TROP 2045 245183.000 6 1 1.7016 0.0000
$TROP 2045 245184.000 6 1 1.7019 0.0000
$TROP 2045 245185.000 6 1 1.7022 0.0000
$TROP 2045 245186.000 6 1 1.7028 0.0000
$TROP 2045 245187.000 6 1 1.7034 0.0000
$TROP 2045 245188.000 6 1 1.7047 0.0000
$TROP 2045 245189.000 6 1 1.7051 0.0000
$TROP 2045 245190.000 6 1 1.7058 0.0000
$TROP 2045 245191.000 6 1 1.7058 0.0000
$TROP 2045 245192.000 6 1 1.7058 0.0000
$TROP 2045 245193.000 6 1 1.7052 0.0000
$TROP 2045 245194.000 6 1 1.7048 0.0000
$TROP 2045 245195.000 6 1 1.7044 0.0000
$TROP 2045 245196.000 6 1 1.7038 0.0000
$TROP 2045 245197.001 6 1 1.7033 0.0000
$TROP 2045 245198.000 6 1 1.7029 0.0000
$TROP 2045 245199.000 6 1 1.7027 0.0000
$TROP 2045 245200.000 6 1 1.7025 0.0000
$TROP 2045 245201.000 6 1 1.7023 0.0000
$TROP 2045 245202.000 6 1 1.7022 0.0000
$TROP 2045 245203.000 6 1 1.7019 0.0000
$TROP 2045 245204.000 6 1 1.7016 0.0000
$TROP 2045 245205.000 6 1 1.7014 0.0000
$TROP 2045 245206.000 6 1 1.7012 0.0000
$TROP 2045 245207.000 6 1 1.7009 0.0000
$TROP 2045 245208.000 6 1 1.7008 0.0000
$TROP 2045 245209.000 6 1 1.7009 0.0000
$TROP 2045 245210.000 6 1 1.7009 0.0000
$TROP 2045 245211.000 6 1 1.7012 0.0000
$TROP 2045 245212.000 6 1 1.7014 0.0000
$TROP 2045 245213.000 6 1 1.7020 0.0000
$TROP 2045 245214.000 6 1 1.7021 0.0000
$TROP 2045 245215.000 6 1 1.7025 0.0000
$TROP 2045 245216.000 6 1 1.7029 0.0000
$TROP 2045 245217.000 6 1 1.7033 0.0000
$TROP 2045 245218.000 6 1 1.7034 0.0000
$TROP 2045 245219.000 6 1 1.7033 0.0000
$TROP 2045 245220.000 6 1 1.7032 0.0000
$TROP 2045 245221.000 6 1 1.7032 0.0000
$TROP 2045 245222.000 6 1 1.7032 0.0000
$TROP 2045 245223.000 6 1 1.7032 0.0000
$TROP 2045 245224.000 6 1 1.7030 0.0000
$TROP 2045 245225.000 6 1 1.7030 0.0000
$TROP 2045 245226.000 6 1 1.7029 0.0000
$TROP 2045 245227.000 6 1 1.7027 0.0000
$TROP 2045 245228.000 6 1 1.7025 0.0000
$TROP 2045 245229.000 6 1 1.7024 0.0000
$TROP 2045 245230.000 6 1 1.7025 0.0000
$TROP 2045 245231.000 6 1 1.7026 0.0000
$TROP 2045 245232.000 6 1 1.7029 0.0000
$TROP 2045 245233.000 6 1 1.7029 0.0000
$TROP 2045 245234.000 6 1 1.7031 0.0000
$TROP 2045 245235.000 6 1 1.7036 0.0000
$TROP 2045 245236.000 6 1 1.7042 0.0000
$TROP 2045 245237.000 6 1 1.7050 0.0000
$TROP 2045 245238.000 6 1 1.7058 0.0000
$TROP 2045 245239.000 6 1 1.7062 0.0000
$TROP 2045 245240.000 6 1 1.7071 0.0000
$TROP 2045 245241.000 6 1 1.7076 0.0000
$TROP 2045 245242.000 6 1 1.7077 0.0000
$TROP 2045 245243.000 6 1 1.7074 0.0000
$TROP 2045 245244.000 6 1 1.7073 0.0000
$TROP 2045 245245.000 6 1 1.7072 0.0000
$TROP 2045 245246.000 6 1 1.7070 0.0000
$TROP 2045 245247.000 6 1 1.7075 0.0000
$TROP 2045 245248.000 6 1 1.7075 0.0000
$TROP 2045 245249.000 6 1 1.7077 0.0000
$TROP 2045 245250.000 6 1 1.7081 0.0000
$TROP 2045 245251.000 6 1 1.7085 0.0000
$TROP 2045 245252.000 6 1 1.7087 0.0000
$TROP 2045 245253.000 6 1 1.7090 0.0000
$TROP 2045 245254.000 6 1 1.7090 0.0000
$TROP 2045 245255.000 6 1 1.7089 0.0000
$TROP 2045 245256.000 6 1 1.7092 0.0000
$TROP 2045 245257.000 6 1 1.7094 0.0000
$TROP 2045 245258.000 6 1 1.7095 0.0000
$TROP 2045 245259.000 6 1 1.7096 0.0000
$TROP 2045 245260.000 6 1 1.7096 0.0000
$TROP 2045 245261.000 6 1 1.7097 0.0000
$TROP 2045 245262.000 6 1 1.7095 0.0000
$TROP 2045 245263.000 6 1 1.7095 0.0000
$TROP 2045 245264.000 6 1 1.7098 0.0000
$TROP 2045 245265.000 6 1 1.7098 0.0000
$TROP 2045 245266.000 6 1 1.7097 0.0000
$TROP 2045 245267.000 6 1 1.7092 0.0000
$TROP 2045 245268.000 6 1 1.7088 0.0000
$TROP 2045 245269.000 6 1 1.7084 0.0000
$TROP 2045 245270.000 6 1 1.7081 0.0000
$TROP 2045 245271.000 6 1 1.7079 0.0000
$TROP 2045 245272.000 6 1 1.7078 0.0000
$TROP 2045 245273.000 6 1 1.7076 0.0000
$TROP 2045 245274.000 6 1 1.7074 0.0000
$TROP 2045 245275.000 6 1 1.7074 0.0000
$TROP 2045 245276.000 6 1 1.7071 0.0000
$TROP 2045 245277.000 6 1 1.7071 0.0000
$TROP 2045 245278.000 6 1 1.7073 0.0000
$TROP 2045 245279.000 6 1 1.7075 0.0000
$TROP 2045 245280.000 6 1 1.7075 0.0000
$TROP 2045 245281.000 6 1 1.7073 0.0000
$TROP 2045 245282.000 6 1 1.7071 0.0000
$TROP 2045 245283.000 6 1 1.7070 0.0000
$TROP 2045 245284.000 6 1 1.7069 0.0000
$TROP 2045 245285.000 6 1 1.7069 0.0000
$TROP 2045 245286.000 6 1 1.7072 0.0000
$TROP 2045 245287.000 6 1 1.7073 0.0000
$TROP 2045 245288.000 6 1 1.7076 0.0000
$TROP 2045 245289.000 6 1 1.7078 0.0000
$TROP 2045 245290.000 6 1 1.7078 0.0000
$TROP 2045 245291.000 6 1 1.7079 0.0000
$TROP 2045 245292.000 6 1 1.7079 0.0000
$TROP 2045 245293.000 6 1 1.7081 0.0000
$TROP 2045 245294.000 6 1 1.7082 0.0000
$TROP 2045 245295.000 6 1 1.7084 0.0000
$TROP 2045 245296.000 6 1 1.7087 0.0000
$TROP 2045 245297.000 6 1 1.7088 0.0000
$TROP 2045 245298.000 6 1 1.7089 0.0000
$TROP 2045 245299.000 6 1 1.7089 0.0000
$TROP 2045 245300.000 6 1 1.7091 0.0000
$TROP 2045 245301.000 6 1 1.7094 0.0000
$TROP 2045 245302.000 6 1 1.7095 0.0000
$TROP 2045 245303.000 6 1 1.7098 0.0000
$TROP 2045 245304.000 6 1 1.7098 0.0000
$TROP 2045 245305.000 6 1 1.7099 0.0000
$TROP 2045 245306.000 6 1 1.7100 0.0000
$TROP 2045 245307.000 6 1 1.7099 0.0000
$TROP 2045 245308.000 6 1 1.7098 0.0000
$TROP 2045 245309.000 6 1 1.7098 0.0000
$TROP 2045 245310.000 6 1 1.7102 0.0000
$TROP 2045 245311.000 6 1 1.7107 0.0000
$TROP 2045 245312.000 6 1 1.7111 0.0000
$TROP 2045 245313.000 6 1 1.7115 0.0000
$TROP 2045 245314.000 6 1 1.7124 0.0000
$TROP 2045 245315.000 6 1 1.7132 0.0000
$TROP 2045 245316.000 6 1 1.7138 0.0000
$TROP 2045 245317.000 6 1 1.7143 0.0000
$TROP 2045 245318.000 6 1 1.7143 0.0000
$TROP 2045 245319.000 6 1 1.7144 0.0000
$TROP 2045 245320.000 6 1 1.7147 0.0000
$TROP 2045 245321.000 6 1 1.7153 0.0000
$TROP 2045 245322.000 6 1 1.7154 0.0000
$TROP 2045 245323.000 6 1 1.7156 0.0000
$TROP 2045 245324.000 6 1 1.7159 0.0000
$TROP 2045 245325.000 6 1 1.7166 0.0000
$TROP 2045 245326.000 6 1 1.7171 0.0000
$TROP 2045 245327.000 6 1 1.7166 0.0000
$TROP 2045 245328.000 6 1 1.7178 0.0000
$TROP 2045 245329.000 6 1 1.7186 0.0000
$TROP 2045 245330.000 6 1 1.7195 0.0000
$TROP 2045 245331.000 6 1 1.7205 0.0000
$TROP 2045 245332.000 6 1 1.7213 0.0000
$TROP 2045 245333.000 6 1 1.7217 0.0000
$TROP 2045 245334.000 6 1 1.7220 0.0000
$TROP 2045 245335.000 6 1 1.7232 0.0000
$TROP 2045 245336.000 6 1 1.7243 0.0000
$TROP 2045 245337.000 6 1 1.7251 0.0000
$TROP 2045 245338.000 6 1 1.7256 0.0000
$TROP 2045 245339.000 6 1 1.7264 0.0000
$TROP 2045 245340.000 6 1 1.7274 0.0000
$TROP 2045 245341.000 6 1 1.7276 0.0000
$TROP 2045 245342.000 6 1 1.7271 0.0000
$TROP 2045 245343.000 6 1 1.7273 0.0000
$TROP 2045 245344.000 6 1 1.7277 0.0000
$TROP 2045 245345.000 6 1 1.7271 0.0000
$TROP 2045 245346.000 6 1 1.7271 0.0000
$TROP 2045 245347.000 6 1 1.7269 0.0000
$TROP 2045 245348.000 6 1 1.7269 0.0000
$TROP 2045 245349.000 6 1 1.7270 0.0000
$TROP 2045 245350.000 6 1 1.7276 0.0000
$TROP 2045 245351.000 6 1 1.7282 0.0000
$TROP 2045 245352.000 6 1 1.7289 0.0000
$TROP 2045 245353.000 6 1 1.7295 0.0000
$TROP 2045 245354.000 6 1 1.7305 0.0000
$TROP 2045 245355.000 6 1 1.7310 0.0000
$TROP 2045 245356.000 6 1 1.7312 0.0000
$TROP 2045 245357.000 6 1 1.7305 0.0000
$TROP 2045 245358.000 6 1 1.7290 0.0000
$TROP 2045 245359.000 6 1 1.7283 0.0000
$TROP 2045 245360.000 6 1 1.7281 0.0000
$TROP 2045 245361.000 6 1 1.7276 0.0000
$TROP 2045 245362.000 6 1 1.7270 0.0000
$TROP 2045 245363.000 6 1 1.7260 0.0000
$TROP 2045 245364.000 6 1 1.7255 0.0000
$TROP 2045 245365.000 6 1 1.7250 0.0000
$TROP 2045 245366.000 6 1 1.7245 0.0000
$TROP 2045 245367.000 6 1 1.7241 0.0000
$TROP 2045 245368.000 6 1 1.7236 0.0000
$TROP 2045 245369.000 6 1 1.7232 0.0000
$TROP 2045 245370.000 6 1 1.7229 0.0000
$TROP 2045 245371.000 6 1 1.7225 0.0000
$TROP 2045 245372.000 6 1 1.7222 0.0000
$TROP 2045 245373.000 6 1 1.7216 0.0000
$TROP 2045 245374.000 6 1 1.7209 0.0000
$TROP 2045 245375.000 6 1 1.7202 0.0000
$TROP 2045 245376.000 6 1 1.7195 0.0000
$TROP 2045 245377.000 6 1 1.7187 0.0000
$TROP 2045 245378.000 6 1 1.7178 0.0000
$TROP 2045 245379.000 6 1 1.7173 0.0000
$TROP 2045 245380.000 6 1 1.7169 0.0000
$TROP 2045 245381.000 6 1 1.7165 0.0000
$TROP 2045 245382.000 6 1 1.7159 0.0000
$TROP 2045 245383.000 6 1 1.7154 0.0000
$TROP 2045 245384.000 6 1 1.7150 0.0000
$TROP 2045 245385.000 6 1 1.7143 0.0000
$TROP 2045 245386.000 6 1 1.7142 0.0000
$TROP 2045 245387.000 6 1 1.7139 0.0000
$TROP 2045 245388.000 6 1 1.7138 0.0000
$TROP 2045 245389.000 6 1 1.7140 0.0000
$TROP 2045 245390.000 6 1 1.7141 0.0000
$TROP 2045 245391.000 6 1 1.7142 0.0000
$TROP 2045 245392.000 6 1 1.7139 0.0000
$TROP 2045 245393.000 6 1 1.7142 0.0000
$TROP 2045 245394.000 6 1 1.7143 0.0000
$TROP 2045 245395.000 6 1 1.7146 0.0000
$TROP 2045 245396.000 6 1 1.7150 0.0000
$TROP 2045 245397.000 6 1 1.7154 0.0000
$TROP 2045 245398.000 6 1 1.7156 0.0000
$TROP 2045 245399.000 6 1 1.7156 0.0000
$TROP 2045 245400.000 6 1 1.7156 0.0000
$TROP 2045 245401.000 6 1 1.7155 0.0000
$TROP 2045 245402.000 6 1 1.7155 0.0000
$TROP 2045 245403.000 6 1 1.7152 0.0000
$TROP 2045 245404.000 6 1 1.7146 0.0000
$TROP 2045 245405.000 6 1 1.7138 0.0000
$TROP 2045 245406.000 6 1 1.7133 0.0000
$TROP 2045 245407.000 6 1 1.7126 0.0000
$TROP 2045 245408.000 6 1 1.7125 0.0000
$TROP 2045 245409.000 6 1 1.7120 0.0000
$TROP 2045 245410.000 6 1 1.7117 0.0000
$TROP 2045 245411.000 6 1 1.7114 0.0000
$TROP 2045 245412.000 6 1 1.7112 0.0000
$TROP 2045 245413.000 6 1 1.7110 0.0000
$TROP 2045 245414.000 6 1 1.7109 0.0000
$TROP 2045 245415.000 6 1 1.7108 0.0000
$TROP 2045 245416.000 6 1 1.7097 0.0000
$TROP 2045 245417.000 6 1 1.7075 0.0000
$TROP 2045 245418.000 6 1 1.7150 0.0000
$TROP 2045 245419.000 6 1 1.7148 0.0000
$TROP 2045 245420.000 6 1 1.7149 0.0000
$TROP 2045 245421.000 6 1 1.7149 0.0000
$TROP 2045 245422.000 6 1 1.7149 0.0000
$TROP 2045 245423.000 6 1 1.7149 0.0000
$TROP 2045 245424.000 6 1 1.7149 0.0000
$TROP 2045 245425.000 6 1 1.7149 0.0000
$TROP 2045 245426.000 6 1 1.7148 0.0000
$TROP 2045 245427.000 6 1 1.7147 0.0000
$TROP 2045 245428.000 6 1 1.7146 0.0000
$TROP 2045 245429.000 6 1 1.7146 0.0000
$TROP 2045 245430.000 6 1 1.7146 0.0000
$TROP 2045 245431.000 6 1 1.7146 0.0000
$TROP 2045 245432.000 6 1 1.7146 0.0000
$TROP 2045 245433.000 6 1 1.7145 0.0000
$TROP 2045 245434.000 6 1 1.7145 0.0000
$TROP 2045 245435.000 6 1 1.7144 0.0000
$TROP 2045 245436.000 6 1 1.7143 0.0000
$TROP 2045 245437.000 6 1 1.7143 0.0000
$TROP 2045 245438.000 6 1 1.7142 0.0000
$TROP 2045 245439.000 6 1 1.7142 0.0000
$TROP 2045 245440.000 6 1 1.7142 0.0000
$TROP 2045 245441.000 6 1 1.7141 0.0000
$TROP 2045 245442.000 6 1 1.7141 0.0000
$TROP 2045 245443.000 6 1 1.7141 0.0000
$TROP 2045 245444.000 6 1 1.7140 0.0000
$TROP 2045 245445.000 6 1 1.7140 0.0000
$TROP 2045 245446.000 6 1 1.7140 0.0000
$TROP 2045 245447.000 6 1 1.7140 0.0000
$TROP 2045 245448.000 6 1 1.7139 0.0000
$TROP 2045 245449.000 6 1 1.7139 0.0000
$TROP 2045 245450.000 6 1 1.7139 0.0000
$TROP 2045 245451.000 6 1 1.7138 0.0000
$TROP 2045 245452.000 6 1 1.7138 0.0000
$TROP 2045 245453.000 6 1 1.7137 0.0000
$TROP 2045 245454.000 6 1 1.7137 0.0000
$TROP 2045 245455.000 6 1 1.7136 0.0000
$TROP 2045 245456.000 6 1 1.7136 0.0000
$TROP 2045 245457.000 6 1 1.7136 0.0000
$TROP 2045 245458.000 6 1 1.7134 0.0000
$TROP 2045 245459.000 6 1 1.7132 0.0000
$TROP 2045 245460.000 6 1 1.7130 0.0000
$TROP 2045 245461.000 6 1 1.7128 0.0000
$TROP 2045 245462.000 6 1 1.7126 0.0000
$TROP 2045 245463.000 6 1 1.7123 0.0000
$TROP 2045 245464.000 6 1 1.7121 0.0000
$TROP 2045 245465.000 6 1 1.7119 0.0000
$TROP 2045 245466.000 6 1 1.7118 0.0000
$TROP 2045 245467.000 6 1 1.7117 0.0000
$TROP 2045 245468.000 6 1 1.7116 0.0000
$TROP 2045 245469.000 6 1 1.7116 0.0000
$TROP 2045 245470.000 6 1 1.7116 0.0000
$TROP 2045 245471.000 6 1 1.7116 0.0000
$TROP 2045 245472.000 6 1 1.7116 0.0000
$TROP 2045 245473.000 6 1 1.7117 0.0000
$TROP 2045 245474.000 6 1 1.7118 0.0000
$TROP 2045 245475.000 6 1 1.7119 0.0000
$TROP 2045 245476.000 6 1 1.7120 0.0000
$TROP 2045 245477.000 6 1 1.7120 0.0000
$TROP 2045 245478.000 6 1 1.7120 0.0000
$TROP 2045 245479.000 6 1 1.7121 0.0000
$TROP 2045 245480.000 6 1 1.7122 0.0000
$TROP 2045 245481.000 6 1 1.7121 0.0000
$TROP 2045 245482.000 6 1 1.7120 0.0000
$TROP 2045 245483.000 6 1 1.7119 0.0000
$TROP 2045 245484.000 6 1 1.7118 0.0000
$TROP 2045 245485.000 6 1 1.7117 0.0000
$TROP 2045 245486.000 6 1 1.7116 0.0000
$TROP 2045 245487.000 6 1 1.7114 0.0000
$TROP 2045 245488.000 6 1 1.7113 0.0000
$TROP 2045 245489.000 6 1 1.7111 0.0000
$TROP 2045 245490.000 6 1 1.7109 0.0000
$TROP 2045 245491.000 6 1 1.7109 0.0000
$TROP 2045 245492.000 6 1 1.7108 0.0000
$TROP 2045 245493.000 6 1 1.7108 0.0000
$TROP 2045 245494.000 6 1 1.7107 0.0000
$TROP 2045 245495.000 6 1 1.7106 0.0000
$TROP 2045 245496.000 6 1 1.7104 0.0000
$TROP 2045 245497.000 6 1 1.7102 0.0000
$TROP 2045 245498.000 6 1 1.7102 0.0000
$TROP 2045 245499.000 6 1 1.7101 0.0000
$TROP 2045 245500.000 6 1 1.7100 0.0000
$TROP 2045 245501.000 6 1 1.7099 0.0000
$TROP 2045 245502.000 6 1 1.7098 0.0000
$TROP 2045 245503.000 6 1 1.7097 0.0000
$TROP 2045 245504.000 6 1 1.7097 0.0000
$TROP 2045 245505.000 6 1 1.7096 0.0000
$TROP 2045 245506.000 6 1 1.7096 0.0000
$TROP 2045 245507.000 6 1 1.7095 0.0000
$TROP 2045 245508.000 6 1 1.7094 0.0000
$TROP 2045 245509.000 6 1 1.7094 0.0000
$TROP 2045 245510.000 6 1 1.7096 0.0000
$TROP 2045 245511.000 6 1 1.7097 0.0000
$TROP 2045 245512.000 6 1 1.7097 0.0000
$TROP 2045 245513.000 6 1 1.7097 0.0000
$TROP 2045 245514.000 6 1 1.7097 0.0000
$TROP 2045 245515.000 6 1 1.7097 0.0000
$TROP 2045 245516.000 6 1 1.7097 0.0000
$TROP 2045 245517.000 6 1 1.7098 0.0000
$TROP 2045 245518.000 6 1 1.7094 0.0000
$TROP 2045 245519.000 6 1 1.7092 0.0000
$TROP 2045 245520.000 6 1 1.7089 0.0000
$TROP 2045 245521.000 6 1 1.7086 0.0000
$TROP 2045 245522.000 6 1 1.7087 0.0000
$TROP 2045 245523.000 6 1 1.7086 0.0000
$TROP 2045 245524.000 6 1 1.7086 0.0000
$TROP 2045 245525.000 6 1 1.7088 0.0000
$TROP 2045 245526.000 6 1 1.7088 0.0000
$TROP 2045 245527.000 6 1 1.7088 0.0000
$TROP 2045 245528.000 6 1 1.7087 0.0000
$TROP 2045 245529.000 6 1 1.7086 0.0000
$TROP 2045 245530.000 6 1 1.7082 0.0000
$TROP 2045 245531.000 6 1 1.7083 0.0000
$TROP 2045 245532.000 6 1 1.7083 0.0000
$TROP 2045 245533.000 6 1 1.7084 0.0000
$TROP 2045 245534.000 6 1 1.7083 0.0000
$TROP 2045 245535.000 6 1 1.7081 0.0000
$TROP 2045 245536.000 6 1 1.7080 0.0000
$TROP 2045 245537.000 6 1 1.7080 0.0000
$TROP 2045 245538.000 6 1 1.7079 0.0000
$TROP 2045 245539.000 6 1 1.7076 0.0000
$TROP 2045 245540.000 6 1 1.7076 0.0000
$TROP 2045 245541.000 6 1 1.7075 0.0000
$TROP 2045 245542.000 6 1 1.7075 0.0000
$TROP 2045 245543.000 6 1 1.7074 0.0000
$TROP 2045 245544.000 6 1 1.7069 0.0000
$TROP 2045 245545.000 6 1 1.7069 0.0000
$TROP 2045 245546.000 6 1 1.7068 0.0000
$TROP 2045 245547.000 6 1 1.7066 0.0000
$TROP 2045 245548.000 6 1 1.7065 0.0000
$TROP 2045 245549.000 6 1 1.7063 0.0000
$TROP 2045 245550.000 6 1 1.7061 0.0000
$TROP 2045 245551.000 6 1 1.7060 0.0000
$TROP 2045 245552.000 6 1 1.7058 0.0000
$TROP 2045 245553.000 6 1 1.7056 0.0000
$TROP 2045 245554.000 6 1 1.7054 0.0000
$TROP 2045 245555.000 6 1 1.7054 0.0000
$TROP 2045 245556.000 6 1 1.7053 0.0000
$TROP 2045 245557.000 6 1 1.7052 0.0000
$TROP 2045 245558.000 6 1 1.7051 0.0000
$TROP 2045 245559.000 6 1 1.7050 0.0000
$TROP 2045 245560.000 6 1 1.7050 0.0000
$TROP 2045 245561.000 6 1 1.7049 0.0000
$TROP 2045 245562.000 6 1 1.7048 0.0000
$TROP 2045 245563.000 6 1 1.7046 0.0000
$TROP 2045 245564.000 6 1 1.7045 0.0000
$TROP 2045 245565.000 6 1 1.7043 0.0000
$TROP 2045 245566.000 6 1 1.7042 0.0000
$TROP 2045 245567.000 6 1 1.7041 0.0000
$TROP 2045 245568.000 6 1 1.7040 0.0000
$TROP 2045 245569.000 6 1 1.7038 0.0000
$TROP 2045 245570.000 6 1 1.7037 0.0000
$TROP 2045 245571.000 6 1 1.7036 0.0000
$TROP 2045 245572.000 6 1 1.7036 0.0000
$TROP 2045 245573.000 6 1 1.7036 0.0000
$TROP 2045 245574.000 6 1 1.7037 0.0000
$TROP 2045 245575.000 6 1 1.7036 0.0000
$TROP 2045 245576.000 6 1 1.7036 0.0000
$TROP 2045 245577.000 6 1 1.7036 0.0000
$TROP 2045 245578.000 6 1 1.7036 0.0000
$TROP 2045 245579.000 6 1 1.7034 0.0000
$TROP 2045 245580.000 6 1 1.7032 0.0000
$TROP 2045 245581.000 6 1 1.7028 0.0000
$TROP 2045 245582.000 6 1 1.7023 0.0000
$TROP 2045 245583.000 6 1 1.7018 0.0000
$TROP 2045 245584.000 6 1 1.7013 0.0000
$TROP 2045 245585.000 6 1 1.7010 0.0000
$TROP 2045 245586.000 6 1 1.7007 0.0000
$TROP 2045 245587.000 6 1 1.7004 0.0000
$TROP 2045 245588.000 6 1 1.7003 0.0000
$TROP 2045 245589.000 6 1 1.7003 0.0000
$TROP 2045 245590.000 6 1 1.7004 0.0000
$TROP 2045 245591.000 6 1 1.7005 0.0000
$TROP 2045 245592.000 6 1 1.7006 0.0000
$TROP 2045 245593.000 6 1 1.7006 0.0000
$TROP 2045 245594.000 6 1 1.7005 0.0000
$TROP 2045 245595.000 6 1 1.7002 0.0000
$TROP 2045 245596.000 6 1 1.6998 0.0000
$TROP 2045 245597.000 6 1 1.6997 0.0000
$TROP 2045 245598.000 6 1 1.6994 0.0000
$TROP 2045 245599.000 6 1 1.6991 0.0000
$TROP 2045 245600.000 6 1 1.6988 0.0000
$TROP 2045 245601.000 6 1 1.6987 0.0000
$TROP 2045 245602.000 6 1 1.6984 0.0000
$TROP 2045 245603.000 6 1 1.6981 0.0000
$TROP 2045 245604.000 6 1 1.6980 0.0000
$TROP 2045 245605.000 6 1 1.6977 0.0000
$TROP 2045 245606.000 6 1 1.6983 0.0000
$TROP 2045 245607.000 6 1 1.6988 0.0000
$TROP 2045 245608.000 6 1 1.6989 0.0000
$TROP 2045 245609.000 6 1 1.6991 0.0000
$TROP 2045 245610.000 6 1 1.6989 0.0000
$TROP 2045 245611.000 6 1 1.6987 0.0000
$TROP 2045 245612.000 6 1 1.6985 0.0000
$TROP 2045 245613.000 6 1 1.6984 0.0000
$TROP 2045 245614.000 6 1 1.6983 0.0000
$TROP 2045 245615.000 6 1 1.6982 0.0000
$TROP 2045 245616.000 6 1 1.6980 0.0000
$TROP 2045 245617.000 6 1 1.6979 0.0000
$TROP 2045 245618.000 6 1 1.6978 0.0000
$TROP 2045 245619.000 6 1 1.6978 0.0000
$TROP 2045 245620.000 6 1 1.6978 0.0000
$TROP 2045 245621.000 6 1 1.6978 0.0000
$TROP 2045 245622.000 6 1 1.6978 0.0000
$TROP 2045 245623.000 6 1 1.6979 0.0000
$TROP 2045 245624.000 6 1 1.6979 0.0000
$TROP 2045 245625.000 6 1 1.6980 0.0000
$TROP 2045 245626.000 6 1 1.6980 0.0000
$TROP 2045 245627.000 6 1 1.6981 0.0000
$TROP 2045 245628.000 6 1 1.6981 0.0000
$TROP 2045 245629.000 6 1 1.6981 0.0000
$TROP 2045 245630.000 6 1 1.6981 0.0000
$TROP 2045 245631.000 6 1 1.6981 0.0000
$TROP 2045 245632.000 6 1 1.6982 0.0000
$TROP 2045 245633.000 6 1 1.6983 0.0000
$TROP 2045 245634.000 6 1 1.6983 0.0000
$TROP 2045 245635.000 6 1 1.6984 0.0000
$TROP 2045 245636.000 6 1 1.6985 0.0000
$TROP 2045 245637.000 6 1 1.6986 0.0000
$TROP 2045 245638.000 6 1 1.6987 0.0000
$TROP 2045 245639.000 6 1 1.6988 0.0000
$TROP 2045 245640.000 6 1 1.6988 0.0000
$TROP 2045 245641.000 6 1 1.6989 0.0000
$TROP 2045 245642.000 6 1 1.6989 0.0000
$TROP 2045 245643.000 6 1 1.6989 0.0000
$TROP 2045 245644.000 6 1 1.6989 0.0000
$TROP 2045 245645.000 6 1 1.6990 0.0000
$TROP 2045 245646.000 6 1 1.6989 0.0000
$TROP 2045 245647.000 6 1 1.6989 0.0000
$TROP 2045 245648.000 6 1 1.6989 0.0000
$TROP 2045 245649.000 6 1 1.6989 0.0000
$TROP 2045 245650.000 6 1 1.6990 0.0000
$TROP 2045 245651.000 6 1 1.6990 0.0000
$TROP 2045 245652.000 6 1 1.6992 0.0000
$TROP 2045 245653.000 6 1 1.6993 0.0000
$TROP 2045 245654.000 6 1 1.6995 0.0000
$TROP 2045 245655.000 6 1 1.6996 0.0000
$TROP 2045 245656.000 6 1 1.6998 0.0000
$TROP 2045 245657.000 6 1 1.6999 0.0000
$TROP 2045 245658.000 6 1 1.7001 0.0000
$TROP 2045 245659.000 6 1 1.7002 0.0000
$TROP 2045 245660.000 6 1 1.7004 0.0000
$TROP 2045 245661.000 6 1 1.7006 0.0000
$TROP 2045 245662.000 6 1 1.7008 0.0000
$TROP 2045 245663.000 6 1 1.7009 0.0000
$TROP 2045 245664.000 6 1 1.7010 0.0000
$TROP 2045 245665.000 6 1 1.7011 0.0000
$TROP 2045 245666.000 6 1 1.7011 0.0000
$TROP 2045 245667.000 6 1 1.7012 0.0000
$TROP 2045 245668.000 6 1 1.7012 0.0000
$TROP 2045 245669.000 6 1 1.7012 0.0000
$TROP 2045 245670.000 6 1 1.7012 0.0000
$TROP 2045 245671.000 6 1 1.7012 0.0000
$TROP 2045 245672.000 6 1 1.7012 0.0000
$TROP 2045 245673.000 6 1 1.7012 0.0000
$TROP 2045 245674.000 6 1 1.7012 0.0000
$TROP 2045 245675.000 6 1 1.7012 0.0000
$TROP 2045 245676.000 6 1 1.7012 0.0000
$TROP 2045 245677.000 6 1 1.7012 0.0000
$TROP 2045 245678.000 6 1 1.7012 0.0000
$TROP 2045 245679.000 6 1 1.7012 0.0000
$TROP 2045 245680.000 6 1 1.7013 0.0000
$TROP 2045 245681.000 6 1 1.7014 0.0000
$TROP 2045 245682.000 6 1 1.7015 0.0000
$TROP 2045 245683.000 6 1 1.7016 0.0000
$TROP 2045 245684.000 6 1 1.7017 0.0000
$TROP 2045 245685.000 6 1 1.7018 0.0000
$TROP 2045 245686.000 6 1 1.7019 0.0000
$TROP 2045 245687.000 6 1 1.7020 0.0000
$TROP 2045 245688.000 6 1 1.7021 0.0000
$TROP 2045 245689.000 6 1 1.7023 0.0000
$TROP 2045 245690.000 6 1 1.7024 0.0000
$TROP 2045 245691.000 6 1 1.7025 0.0000
$TROP 2045 245692.000 6 1 1.7026 0.0000
$TROP 2045 245693.000 6 1 1.7026 0.0000
$TROP 2045 245694.000 6 1 1.7026 0.0000
$TROP 2045 245695.000 6 1 1.7027 0.0000
$TROP 2045 245696.000 6 1 1.7028 0.0000
$TROP 2045 245697.000 6 1 1.7028 0.0000
$TROP 2045 245698.000 6 1 1.7028 0.0000
$TROP 2045 245699.000 6 1 1.7029 0.0000
$TROP 2045 245700.000 6 1 1.7030 0.0000
$TROP 2045 245701.000 6 1 1.7030 0.0000
$TROP 2045 245702.000 6 1 1.7030 0.0000
$TROP 2045 245703.000 6 1 1.7029 0.0000
$TROP 2045 245704.000 6 1 1.7029 0.0000
$TROP 2045 245705.000 6 1 1.7029 0.0000
$TROP 2045 245706.000 6 1 1.7029 0.0000
$TROP 2045 245707.000 6 1 1.7029 0.0000
$TROP 2045 245708.000 6 1 1.7030 0.0000
$TROP 2045 245709.000 6 1 1.7030 0.0000
$TROP 2045 245710.000 6 1 1.7030 0.0000
$TROP 2045 245711.000 6 1 1.7030 0.0000
$TROP 2045 245712.000 6 1 1.7029 0.0000
$TROP 2045 245713.000 6 1 1.7028 0.0000
$TROP 2045 245714.000 6 1 1.7028 0.0000
$TROP 2045 245715.000 6 1 1.7028 0.0000
$TROP 2045 245716.000 6 1 1.7028 0.0000
$TROP 2045 245717.000 6 1 1.7028 0.0000
$TROP 2045 245718.000 6 1 1.7028 0.0000
$TROP 2045 245719.000 6 1 1.7027 0.0000
$TROP 2045 245720.000 6 1 1.7027 0.0000
$TROP 2045 245721.000 6 1 1.7026 0.0000
$TROP 2045 245722.000 6 1 1.7025 0.0000
$TROP 2045 245723.000 6 1 1.7024 0.0000
$TROP 2045 245724.000 6 1 1.7022 0.0000
$TROP 2045 245725.000 6 1 1.7021 0.0000
$TROP 2045 245726.000 6 1 1.7019 0.0000
$TROP 2045 245727.000 6 1 1.7018 0.0000
$TROP 2045 245728.000 6 1 1.7016 0.0000
$TROP 2045 245729.000 6 1 1.7015 0.0000
$TROP 2045 245730.000 6 1 1.7013 0.0000
$TROP 2045 245731.000 6 1 1.7012 0.0000
$TROP 2045 245732.000 6 1 1.7010 0.0000
$TROP 2045 245733.000 6 1 1.7008 0.0000
$TROP 2045 245734.000 6 1 1.7007 0.0000
$TROP 2045 245735.000 6 1 1.7005 0.0000
$TROP 2045 245736.000 6 1 1.7004 0.0000
$TROP 2045 245737.000 6 1 1.7004 0.0000
$TROP 2045 245738.000 6 1 1.7004 0.0000
$TROP 2045 245739.000 6 1 1.7003 0.0000
$TROP 2045 245740.000 6 1 1.7003 0.0000
$TROP 2045 245741.000 6 1 1.7003 0.0000
$TROP 2045 245742.000 6 1 1.7003 0.0000
$TROP 2045 245743.000 6 1 1.7003 0.0000
$TROP 2045 245744.000 6 1 1.7003 0.0000
$TROP 2045 245745.000 6 1 1.7003 0.0000
$TROP 2045 245746.000 6 1 1.7004 0.0000
$TROP 2045 245747.000 6 1 1.7004 0.0000
$TROP 2045 245748.000 6 1 1.7004 0.0000
$TROP 2045 245749.000 6 1 1.7005 0.0000
$TROP 2045 245750.000 6 1 1.7005 0.0000
$TROP 2045 245751.000 6 1 1.7005 0.0000
$TROP 2045 245752.000 6 1 1.7005 0.0000
$TROP 2045 245753.000 6 1 1.7005 0.0000
$TROP 2045 245754.000 6 1 1.7005 0.0000
$TROP 2045 245755.000 6 1 1.7005 0.0000
$TROP 2045 245756.000 6 1 1.7006 0.0000
