1.000199
1.000199
1.000200
1.000201
1.000201
1.000202
1.000202
1.000202
1.000202
1.000202
1.000202
1.000204
1.000204
1.000205
1.000205
1.000210
1.000000
1.000003
1.000004
1.000004
1.000004
1.000009
1.000012
1.000013
1.000013
1.000014
1.000014
1.000014
1.000000
1.000000
1.000001
1.000001
1.000001
1.000001
1.000001
1.000001
1.000001
1.000001
1.000001
1.000001
1.000001
1.000001
1.000001
1.000001
1.000001
1.000001
1.000001
1.000001
1.000001
1.000001
1.000001
1.000001
1.000001
1.000001
1.000001
1.000001
1.000001
1.000001
1.000001
1.000001
1.000001
1.000001
1.000001
1.000001
1.000001
1.000001
1.000001
1.000001
1.000001
1.000001
1.000001
1.000001
1.000001
1.000001
1.000001
1.000001
1.000001
1.000001
1.000000
1.000000
1.000000
1.000000
1.000000
1.000000
1.000000
1.000000
1.000000
1.000000
1.000001
1.000001
1.000001
1.000001
1.000001
1.000001
1.000001
1.000001
1.000001
1.000001
1.000001
1.000000
1.000000
1.000000
1.000000
1.000000
1.000000
1.000000
1.000000
1.000000
1.000000
1.000000
1.000000
1.000000
1.000000
1.000000
1.000000
1.000000
1.000000
1.000000
1.000000
1.000000
1.000000
1.000000
1.000000
1.000000
1.000000
1.000000
1.000000
1.000000
1.000000
1.000000
1.000000
1.000000
1.000000
1.000000
1.000000
1.000000
1.000000
1.000000
1.000000
1.000000
1.000000
1.000000
1.000000
1.000000
1.000000
1.000000
1.000000
1.000000
1.000000
1.000000
1.000000
1.000000
1.000000
1.000000
1.000000
1.000000
1.000000
1.000000
1.000000
1.000000
1.000000
1.000000
1.000000
1.000000
1.000000
1.000000
1.000000
1.000000
1.000000
1.000000
1.000000
1.000000
1.000000
1.000000
1.000000
1.000000
1.000000
1.000000
1.000000
1.000000
1.000000
1.000000
1.000000
1.000000
1.000000
1.000000
1.000000
1.000000
1.000000
1.000000
1.000000
1.000000
1.000000
1.000000
1.000000
1.000000
1.000000
1.000000
1.000000
1.000000
1.000000
1.000000
1.000000
1.000000
1.000000
1.000000
1.000000
1.000000
1.000000
1.000000
1.000000
1.000000
1.000000
1.000000
1.000000
1.000000
1.000000
1.000000
1.000000
1.000000
1.000000
1.000000
1.000000
1.000000
1.000000
1.000000
1.000000
1.000000
1.000000
1.000000
1.000000
1.000000
1.000000
1.000000
1.000000
1.000000
1.000000
1.000000
1.000000
1.000000
1.000000
1.000000
1.000000
1.000000
1.000000
1.000000
1.000000
1.000000
1.000000
1.000000
1.000000
1.000000
1.000000
1.000000
1.000000
1.000000
1.000000
1.000000
1.000000
1.000000
1.000000
1.000000
1.000000
1.000000
1.000000
1.000000
1.000000
1.000000
1.000000
1.000000
1.000000
1.000000
1.000000
1.000000
1.000000
1.000000
1.000000
1.000000
1.000000
1.000000
1.000000
1.000000
1.000000
1.000000
1.000000
1.000000
1.000000
1.000000
1.000000
1.000000
1.000000
1.000000
1.000000
1.000000
1.000000
1.000000
1.000000
1.000000
1.000000
1.000000
1.000000
1.000000
1.000000
1.000000
1.000000
1.000000
1.000000
1.000000
1.000000
1.000000
1.000000
1.000000
1.000000
1.000000
1.000000
1.000000
1.000000
1.000000
1.000000
1.000000
1.000000
1.000000
1.000001
1.000001
1.000001
1.000001
1.000001
1.000001
1.000001
1.000002
1.000002
1.000003
1.000003
1.000004
1.000006
1.000009
1.000011
1.000013
1.000015
1.000017
1.000020
1.000023
1.000026
1.000029
1.000030
1.000031
1.000031
1.000032
1.000032
1.000032
1.000033
1.000033
1.000033
1.000000
1.000000
1.000000
1.000000
1.000000
1.000000
1.000000
1.000000
1.000000
1.000001
1.000001
1.000001
1.000001
1.000001
1.000001
1.000001
1.000001
1.000001
1.000001
1.000001
1.000002
1.000002
1.000002
1.000003
1.000004
1.000005
1.000006
1.000008
1.000011
1.000013
1.000015
1.000016
1.000018
1.000019
1.000020
1.000000
1.000000
1.000001
1.000000
1.000000
1.000001
1.000001
1.000001
1.000001
1.000001
1.000000
1.000000
1.000000
1.000000
1.000000
1.000001
1.000001
1.000001
1.000002
1.000002
1.000002
1.000002
1.000002
1.000003
1.000003
1.000003
1.000003
1.000003
1.000003
1.000004
1.000004
1.000004
1.000004
1.000004
1.000004
1.000004
1.000005
1.000005
1.000005
1.000000
1.000000
1.000000
1.000000
1.000000
1.000000
1.000000
1.000000
1.000001
1.000001
1.000001
1.000001
1.000001
1.000001
1.000001
1.000001
1.000001
1.000001
1.000001
1.000001
1.000001
1.000001
1.000001
1.000001
1.000001
1.000000
1.000000
1.000000
1.000000
1.000000
1.000000
1.000000
1.000000
1.000000
1.000000
1.000000
1.000000
1.000000
1.000000
1.000000
1.000000
1.000001
1.000001
1.000001
1.000001
1.000001
1.000001
1.000001
1.000001
1.000001
1.000001
1.000001
1.000001
1.000001
1.000001
1.000001
1.000001
1.000001
1.000001
1.000002
1.000002
1.000002
1.000000
1.000000
1.000000
1.000000
1.000000
1.000000
1.000000
1.000000
1.000000
1.000000
1.000000
1.000000
1.000000
1.000000
1.000000
1.000000
1.000000
1.000000
1.000001
1.000001
1.000001
1.000001
1.000001
1.000001
1.000001
1.000001
1.000001
1.000001
1.000001
1.000001
1.000001
1.000001
1.000001
1.000001
1.000001
1.000001
1.000001
1.000001
1.000001
1.000001
1.000001
1.000001
1.000001
1.000001
1.000001
1.000001
1.000002
1.000002
1.000002
1.000003
1.000004
1.000005
1.000007
1.000008
1.000009
1.000011
1.000012
1.000012
1.000013
1.000013
1.000014
1.000000
1.000001
1.000003
1.000004
1.000005
1.000007
1.000009
1.000011
1.000013
1.000016
1.000019
1.000022
1.000025
1.000029
1.000032
1.000034
1.000039
1.000041
1.000043
1.000045
1.000046
1.000047
1.000047
1.000003
1.000003
1.000004
1.000004
1.000004
1.000004
1.000004
1.000005
1.000005
1.000005
1.000005
1.000005
1.000005
1.000005
1.000006
1.000006
1.000006
1.000006
1.000006
1.000006
1.000006
1.000006
1.000006
1.000007
1.000007
1.000007
1.000008
1.000008
1.000009
1.000009
1.000010
1.000011
1.000012
1.000013
1.000013
1.000014
1.000016
1.000016
1.000017
1.000017
1.000000
1.000000
1.000001
1.000001
1.000002
1.000000
1.000000
1.000001
1.000002
1.000003
1.000005
1.000006
1.000007
1.000009
1.000012
1.000023
1.000024
1.000025
1.000026
1.000028
1.000029
1.000031
1.000033
1.000035
1.000036
1.000039
1.000040
1.000041
1.000042
1.000043
1.000044
1.000045
1.000046
1.000047
1.000048
1.000049
1.000050
1.000051
1.000051
1.000051
1.000000
1.000000
1.000000
1.000000
1.000001
