  
100.000000 100.000000 100.000000
  
  
100.000000 100.000000 100.000000
  
  
0.080449 0.395964 0.284046
  
  
0.080457 0.395989 0.284054
  
  
0.080474 0.396047 0.284070
  
  
0.080497 0.396122 0.284090
  
  
0.080533 0.396241 0.284123
  
  
0.080579 0.396392 0.284165
  
  
0.080627 0.396548 0.284209
  
  
0.080692 0.396761 0.284268
  
  
0.080766 0.397006 0.284336
  
  
0.080838 0.397242 0.284402
  
  
0.080931 0.397549 0.284487
  
  
0.081035 0.397888 0.284581
  
  
0.081131 0.398205 0.284669
  
  
0.081253 0.398606 0.284780
  
  
0.081384 0.399039 0.284901
  
  
0.081505 0.399437 0.285011
  
  
0.081656 0.399931 0.285148
  
  
0.081816 0.400459 0.285295
  
  
0.081961 0.400937 0.285428
  
  
0.082140 0.401526 0.285591
  
  
0.082329 0.402147 0.285764
  
  
0.082499 0.402706 0.285919
  
  
0.082707 0.403389 0.286108
  
  
0.082925 0.404104 0.286307
  
  
0.083119 0.404744 0.286485
  
  
0.083355 0.405521 0.286700
  
  
0.083601 0.406331 0.286925
  
  
0.083820 0.407051 0.287125
  
  
0.084085 0.407922 0.287367
  
  
0.084360 0.408826 0.287618
  
  
0.084604 0.409628 0.287840
  
  
0.084897 0.410593 0.288108
  
  
0.085201 0.411591 0.288385
  
  
0.085469 0.412473 0.288630
  
  
0.085791 0.413533 0.288924
  
  
0.086123 0.414626 0.289227
  
  
0.086416 0.415589 0.289494
  
  
0.086767 0.416743 0.289814
  
  
0.087128 0.417930 0.290144
  
  
0.087445 0.418974 0.290433
  
  
0.087825 0.420222 0.290780
  
  
0.088215 0.421504 0.291135
  
  
0.088556 0.422628 0.291447
  
  
0.088965 0.423971 0.291820
  
  
0.089383 0.425347 0.292201
  
  
0.089749 0.426553 0.292536
  
  
0.090186 0.427990 0.292934
  
  
0.090633 0.429460 0.293342
  
  
0.091024 0.430746 0.293698
  
  
0.091489 0.432277 0.294123
  
  
0.091964 0.433841 0.294556
  
  
0.092380 0.435207 0.294935
  
  
0.092873 0.436832 0.295385
  
  
0.093377 0.438490 0.295845
  
  
0.093817 0.439937 0.296245
  
  
0.094339 0.441656 0.296722
  
  
0.094871 0.443408 0.297207
  
  
0.095335 0.444935 0.297630
  
  
0.095885 0.446747 0.298132
  
  
0.096446 0.448592 0.298643
  
  
0.096933 0.450198 0.299088
  
  
0.097512 0.452103 0.299615
  
  
0.098101 0.454041 0.300152
  
  
0.098613 0.455727 0.300619
  
  
0.099219 0.457725 0.301172
  
  
0.099836 0.459756 0.301734
  
  
0.100372 0.461522 0.302223
  
  
0.101007 0.463613 0.302801
  
  
0.101652 0.465736 0.303389
  
  
0.102211 0.467580 0.303899
  
  
0.102874 0.469763 0.304503
  
  
0.103546 0.471977 0.305116
  
  
0.104129 0.473898 0.305647
  
  
0.104819 0.476170 0.306275
  
  
0.105518 0.478474 0.306912
  
  
0.106125 0.480473 0.307465
  
  
0.106842 0.482837 0.308119
  
  
0.107569 0.485233 0.308781
  
  
0.108199 0.487309 0.309355
  
  
0.108944 0.489764 0.310034
  
  
0.109698 0.492250 0.310721
  
  
0.110352 0.494403 0.311316
  
  
0.111123 0.496947 0.312019
  
  
0.111904 0.499520 0.312730
  
  
0.112579 0.501746 0.313344
  
  
0.113376 0.504375 0.314070
  
  
0.114183 0.507033 0.314805
  
  
0.114879 0.509329 0.315438
  
  
0.115701 0.512041 0.316187
  
  
0.116532 0.514781 0.316943
  
  
0.117249 0.517147 0.317596
  
  
0.118095 0.519939 0.318366
  
  
0.118950 0.522759 0.319144
  
  
0.119686 0.525189 0.319814
  
  
0.120555 0.528059 0.320605
  
  
0.121433 0.530955 0.321404
  
  
0.122188 0.533448 0.322090
  
  
0.123080 0.536394 0.322902
  
  
0.123982 0.539370 0.323722
  
  
0.124758 0.541935 0.324429
  
  
0.125677 0.544968 0.325264
  
  
0.126605 0.548032 0.326108
  
  
0.127403 0.550671 0.326835
  
  
0.128348 0.553790 0.327694
  
  
0.129301 0.556937 0.328561
  
  
0.130121 0.559646 0.329306
  
  
0.131090 0.562847 0.330187
  
  
0.132067 0.566073 0.331075
  
  
0.132905 0.568842 0.331837
  
  
0.133895 0.572113 0.332737
  
  
0.134893 0.575411 0.333644
  
  
0.135749 0.578242 0.334423
  
  
0.136762 0.581588 0.335343
  
  
0.137782 0.584959 0.336270
  
  
0.138657 0.587853 0.337065
  
  
0.139692 0.591274 0.338005
  
  
0.140735 0.594722 0.338953
  
  
0.141629 0.597680 0.339765
  
  
0.142686 0.601175 0.340725
  
  
0.143751 0.604693 0.341691
  
  
0.144662 0.607709 0.342519
  
  
0.145742 0.611279 0.343499
  
  
0.146830 0.614879 0.344488
  
  
0.147763 0.617967 0.345335
  
  
0.148868 0.621621 0.346338
  
  
0.149983 0.625307 0.347350
  
  
0.150939 0.628471 0.348218
  
  
0.152069 0.632211 0.349244
  
  
0.153208 0.635979 0.350278
  
  
0.154185 0.639211 0.351165
  
  
0.155339 0.643032 0.352213
  
  
0.156502 0.646880 0.353268
  
  
0.157498 0.650176 0.354172
  
  
0.158674 0.654069 0.355239
  
  
0.159858 0.657990 0.356314
  
  
0.160873 0.661352 0.357236
  
  
0.162074 0.665327 0.358325
  
  
0.163283 0.669331 0.359423
  
  
0.164319 0.672762 0.360363
  
  
0.165544 0.676818 0.361474
  
  
0.166778 0.680903 0.362594
  
  
0.167835 0.684405 0.363552
  
  
0.169083 0.688538 0.364685
  
  
0.170337 0.692694 0.365823
  
  
0.171411 0.696252 0.366796
  
  
0.172681 0.700461 0.367949
  
  
0.173961 0.704701 0.369110
  
  
0.175057 0.708334 0.370104
  
  
0.176352 0.712626 0.371279
  
  
0.177657 0.716950 0.372462
  
  
0.080057 0.394026 0.283430
  
  
0.080034 0.393935 0.283424
  
  
0.080026 0.393899 0.283429
  
  
0.080027 0.393895 0.283441
  
  
0.080037 0.393920 0.283463
  
  
0.080058 0.393979 0.283494
  
  
0.080083 0.394056 0.283528
  
  
0.080122 0.394177 0.283576
  
  
0.080171 0.394330 0.283633
  
  
0.080221 0.394488 0.283688
  
  
0.080288 0.394704 0.283762
  
  
0.080366 0.394952 0.283845
  
  
0.080440 0.395192 0.283923
  
  
0.080536 0.395502 0.284022
  
  
0.080642 0.395845 0.284130
  
  
0.080741 0.396166 0.284230
  
  
0.080866 0.396571 0.284356
  
  
0.081000 0.397010 0.284490
  
  
0.081123 0.397412 0.284612
  
  
0.081277 0.397912 0.284763
  
  
0.081440 0.398446 0.284923
  
  
0.081587 0.398929 0.285067
  
  
0.081769 0.399525 0.285244
  
  
0.081961 0.400153 0.285430
  
  
0.082133 0.400718 0.285596
  
  
0.082343 0.401409 0.285799
  
  
0.082564 0.402132 0.286011
  
  
0.082760 0.402779 0.286199
  
  
0.082999 0.403565 0.286428
  
  
0.083248 0.404383 0.286665
  
  
0.083469 0.405112 0.286876
  
  
0.083737 0.405993 0.287130
  
  
0.084014 0.406907 0.287394
  
  
0.084260 0.407717 0.287627
  
  
0.084556 0.408693 0.287907
  
  
0.084863 0.409702 0.288196
  
  
0.085133 0.410594 0.288452
  
  
0.085458 0.411666 0.288758
  
  
0.085793 0.412771 0.289073
  
  
0.086088 0.413744 0.289350
  
  
0.086441 0.414911 0.289682
  
  
0.086805 0.416112 0.290023
  
  
0.087124 0.417167 0.290323
  
  
0.087507 0.418430 0.290681
  
  
0.087899 0.419726 0.291048
  
  
0.088243 0.420863 0.291370
  
  
0.088654 0.422221 0.291754
  
  
0.089075 0.423613 0.292147
  
  
0.089444 0.424832 0.292491
  
  
0.089884 0.426286 0.292901
  
  
0.090334 0.427773 0.293320
  
  
0.090727 0.429075 0.293687
  
  
0.091196 0.430624 0.294122
  
  
0.091674 0.432208 0.294567
  
  
0.092093 0.433592 0.294956
  
  
0.092590 0.435237 0.295418
  
  
0.093098 0.436917 0.295889
  
  
0.093541 0.438383 0.296300
  
  
0.094067 0.440124 0.296788
  
  
0.094603 0.441900 0.297286
  
  
0.095071 0.443448 0.297719
  
  
0.095626 0.445286 0.298233
  
  
0.096191 0.447158 0.298756
  
  
0.096684 0.448789 0.299212
  
  
0.097268 0.450723 0.299752
  
  
0.097862 0.452691 0.300302
  
  
0.098379 0.454404 0.300780
  
  
0.098992 0.456435 0.301346
  
  
0.099616 0.458499 0.301922
  
  
0.100158 0.460296 0.302422
  
  
0.100800 0.462423 0.303015
  
  
0.101452 0.464583 0.303617
  
  
0.102019 0.466462 0.304140
  
  
0.102690 0.468686 0.304758
  
  
0.103371 0.470944 0.305386
  
  
0.103963 0.472905 0.305932
  
  
0.104663 0.475226 0.306577
  
  
0.105373 0.477580 0.307231
  
  
0.105990 0.479625 0.307799
  
  
0.106719 0.482042 0.308470
  
  
0.107459 0.484494 0.309151
  
  
0.108100 0.486622 0.309741
  
  
0.108859 0.489136 0.310439
  
  
0.109627 0.491684 0.311145
  
  
0.110294 0.493895 0.311758
  
  
0.111081 0.496507 0.312482
  
  
0.111879 0.499152 0.313215
  
  
0.112571 0.501446 0.313851
  
  
0.113387 0.504155 0.314601
  
  
0.114214 0.506898 0.315360
  
  
0.114931 0.509275 0.316019
  
  
0.115777 0.512081 0.316795
  
  
0.116633 0.514921 0.317581
  
  
0.117375 0.517383 0.318262
  
  
0.118250 0.520286 0.319065
  
  
0.119135 0.523224 0.319877
  
  
0.119902 0.525769 0.320580
  
  
0.120806 0.528770 0.321410
  
  
0.121721 0.531805 0.322248
  
  
0.122513 0.534433 0.322974
  
  
0.123447 0.537532 0.323830
  
  
0.124390 0.540664 0.324695
  
  
0.125208 0.543377 0.325444
  
  
0.126171 0.546573 0.326326
  
  
0.127144 0.549803 0.327217
  
  
0.127986 0.552599 0.327989
  
  
0.128978 0.555893 0.328897
  
  
0.129981 0.559222 0.329815
  
  
0.130848 0.562102 0.330609
  
  
0.131870 0.565494 0.331544
  
  
0.132902 0.568920 0.332489
  
  
0.133794 0.571883 0.333305
  
  
0.134845 0.575372 0.334267
  
  
0.135906 0.578895 0.335237
  
  
0.136824 0.581943 0.336076
  
  
0.137904 0.585530 0.337064
  
  
0.138994 0.589152 0.338061
  
  
0.139937 0.592283 0.338923
  
  
0.141047 0.595968 0.339938
  
  
0.142167 0.599689 0.340962
  
  
0.143135 0.602904 0.341847
  
  
0.144274 0.606688 0.342888
  
  
0.145424 0.610506 0.343938
  
  
0.146417 0.613806 0.344845
  
  
0.147585 0.617687 0.345913
  
  
0.148764 0.621603 0.346989
  
  
0.149782 0.624986 0.347919
  
  
0.150980 0.628965 0.349013
  
  
0.152188 0.632979 0.350116
  
  
0.153232 0.636446 0.351069
  
  
0.154459 0.640525 0.352190
  
  
0.155697 0.644637 0.353319
  
  
0.156766 0.648188 0.354295
  
  
0.158022 0.652364 0.355442
  
  
0.159289 0.656574 0.356598
  
  
0.160383 0.660209 0.357595
  
  
0.161668 0.664481 0.358768
  
  
0.162964 0.668787 0.359950
  
  
0.164082 0.672505 0.360970
  
  
0.165397 0.676876 0.362170
  
  
0.166723 0.681281 0.363379
  
  
0.167867 0.685084 0.364422
  
  
0.169212 0.689554 0.365648
  
  
0.170567 0.694058 0.366884
  
  
0.171736 0.697945 0.367949
  
  
0.173110 0.702513 0.369202
  
  
0.174494 0.707115 0.370464
  
  
0.175688 0.711085 0.371552
  
  
0.177091 0.715748 0.372830
  
  
0.178503 0.720446 0.374118
  
  
0.079667 0.392094 0.282815
  
  
0.079598 0.391863 0.282785
  
  
0.079554 0.391714 0.282771
  
  
0.079524 0.391613 0.282766
  
  
0.079498 0.391526 0.282769
  
  
0.079482 0.391472 0.282780
  
  
0.079476 0.391453 0.282797
  
  
0.079479 0.391461 0.282826
  
  
0.079492 0.391502 0.282863
  
  
0.079510 0.391565 0.282902
  
  
0.079542 0.391668 0.282957
  
  
0.079583 0.391805 0.283020
  
  
0.079626 0.391950 0.283081
  
  
0.079686 0.392149 0.283161
  
  
0.079756 0.392382 0.283250
  
  
0.079824 0.392608 0.283334
  
  
0.079913 0.392904 0.283440
  
  
0.080011 0.393232 0.283555
  
  
0.080104 0.393541 0.283660
  
  
0.080221 0.393932 0.283792
  
  
0.080349 0.394357 0.283933
  
  
0.080466 0.394749 0.284061
  
  
0.080613 0.395236 0.284219
  
  
0.080769 0.395758 0.284386
  
  
0.080911 0.396232 0.284536
  
  
0.081086 0.396816 0.284720
  
  
0.081272 0.397434 0.284913
  
  
0.081438 0.397991 0.285086
  
  
0.081643 0.398672 0.285296
  
  
0.081857 0.399387 0.285515
  
  
0.082049 0.400027 0.285710
  
  
0.082282 0.400805 0.285946
  
  
0.082526 0.401617 0.286192
  
  
0.082742 0.402341 0.286409
  
  
0.083005 0.403216 0.286672
  
  
0.083277 0.404126 0.286944
  
  
0.083519 0.404932 0.287184
  
  
0.083811 0.405905 0.287472
  
  
0.084113 0.406912 0.287770
  
  
0.084379 0.407803 0.288033
  
  
0.084700 0.408874 0.288348
  
  
0.085032 0.409979 0.288673
  
  
0.085324 0.410953 0.288958
  
  
0.085674 0.412122 0.289300
  
  
0.086034 0.413325 0.289651
  
  
0.086352 0.414383 0.289959
  
  
0.086731 0.415650 0.290327
  
  
0.087121 0.416952 0.290704
  
  
0.087464 0.418095 0.291035
  
  
0.087873 0.419460 0.291430
  
  
0.088292 0.420860 0.291834
  
  
0.088660 0.422088 0.292188
  
  
0.089099 0.423552 0.292609
  
  
0.089548 0.425051 0.293040
  
  
0.089941 0.426364 0.293416
  
  
0.090410 0.427927 0.293865
  
  
0.090889 0.429525 0.294322
  
  
0.091307 0.430922 0.294722
  
  
0.091805 0.432585 0.295196
  
  
0.092314 0.434282 0.295681
  
  
0.092758 0.435765 0.296103
  
  
0.093286 0.437527 0.296605
  
  
0.093825 0.439324 0.297116
  
  
0.094294 0.440892 0.297561
  
  
0.094852 0.442754 0.298090
  
  
0.095421 0.444651 0.298628
  
  
0.095916 0.446305 0.299097
  
  
0.096504 0.448267 0.299653
  
  
0.097102 0.450264 0.300218
  
  
0.097624 0.452003 0.300709
  
  
0.098241 0.454066 0.301292
  
  
0.098870 0.456163 0.301884
  
  
0.099417 0.457989 0.302399
  
  
0.100065 0.460152 0.303009
  
  
0.100723 0.462350 0.303628
  
  
0.101296 0.464262 0.304167
  
  
0.101974 0.466526 0.304804
  
  
0.102663 0.468825 0.305450
  
  
0.103262 0.470823 0.306012
  
  
0.103970 0.473188 0.306676
  
  
0.104689 0.475588 0.307350
  
  
0.105314 0.477674 0.307935
  
  
0.106053 0.480140 0.308626
  
  
0.106802 0.482641 0.309327
  
  
0.107453 0.484814 0.309935
  
  
0.108222 0.487381 0.310654
  
  
0.109002 0.489985 0.311383
  
  
0.109679 0.492244 0.312015
  
  
0.110478 0.494914 0.312761
  
  
0.111289 0.497619 0.313517
  
  
0.111992 0.499967 0.314173
  
  
0.112822 0.502738 0.314947
  
  
0.113663 0.505546 0.315730
  
  
0.114392 0.507981 0.316409
  
  
0.115253 0.510855 0.317211
  
  
0.116125 0.513764 0.318022
  
  
0.116881 0.516287 0.318725
  
  
0.117772 0.519264 0.319554
  
  
0.118674 0.522276 0.320393
  
  
0.119456 0.524887 0.321119
  
  
0.120379 0.527967 0.321976
  
  
0.121312 0.531082 0.322842
  
  
0.122121 0.533781 0.323593
  
  
0.123074 0.536964 0.324477
  
  
0.124038 0.540182 0.325372
  
  
0.124872 0.542969 0.326146
  
  
0.125856 0.546255 0.327058
  
  
0.126851 0.549576 0.327980
  
  
0.127712 0.552452 0.328777
  
  
0.128727 0.555840 0.329717
  
  
0.129753 0.559266 0.330667
  
  
0.130641 0.562230 0.331489
  
  
0.131687 0.565723 0.332457
  
  
0.132744 0.569252 0.333435
  
  
0.133659 0.572306 0.334281
  
  
0.134736 0.575903 0.335277
  
  
0.135824 0.579537 0.336283
  
  
0.136766 0.582680 0.337153
  
  
0.137874 0.586380 0.338177
  
  
0.138993 0.590118 0.339211
  
  
0.139961 0.593350 0.340105
  
  
0.141101 0.597155 0.341157
  
  
0.142251 0.600997 0.342219
  
  
0.143246 0.604319 0.343137
  
  
0.144417 0.608228 0.344217
  
  
0.145599 0.612175 0.345307
  
  
0.146620 0.615586 0.346249
  
  
0.147822 0.619600 0.347358
  
  
0.149035 0.623651 0.348476
  
  
0.150083 0.627151 0.349441
  
  
0.151316 0.631269 0.350578
  
  
0.152561 0.635424 0.351724
  
  
0.153636 0.639014 0.352714
  
  
0.154900 0.643238 0.353879
  
  
0.156176 0.647498 0.355053
  
  
0.157278 0.651179 0.356068
  
  
0.158575 0.655508 0.357261
  
  
0.159882 0.659875 0.358464
  
  
0.161011 0.663646 0.359503
  
  
0.162339 0.668081 0.360724
  
  
0.163678 0.672553 0.361956
  
  
0.164834 0.676414 0.363019
  
  
0.166193 0.680953 0.364268
  
  
0.167564 0.685530 0.365528
  
  
0.168747 0.689481 0.366615
  
  
0.170138 0.694126 0.367893
  
  
0.171540 0.698809 0.369181
  
  
0.172750 0.702851 0.370293
  
  
0.174172 0.707603 0.371599
  
  
0.175606 0.712392 0.372916
  
  
0.079279 0.390166 0.282200
  
  
0.079145 0.389741 0.282134
  
  
0.079048 0.389436 0.282091
  
  
0.078973 0.389201 0.282060
  
  
0.078895 0.388958 0.282034
  
  
0.078826 0.388748 0.282016
  
  
0.078776 0.388595 0.282008
  
  
0.078726 0.388447 0.282007
  
  
0.078686 0.388333 0.282015
  
  
0.078660 0.388262 0.282029
  
  
0.078639 0.388211 0.282054
  
  
0.078628 0.388193 0.282087
  
  
0.078626 0.388204 0.282124
  
  
0.078634 0.388249 0.282174
  
  
0.078652 0.388328 0.282234
  
  
0.078675 0.388423 0.282293
  
  
0.078712 0.388565 0.282369
  
  
0.078759 0.388741 0.282455
  
  
0.078807 0.388919 0.282536
  
  
0.078873 0.389159 0.282639
  
  
0.078949 0.389433 0.282751
  
  
0.079023 0.389695 0.282855
  
  
0.079118 0.390033 0.282984
  
  
0.079223 0.390405 0.283123
  
  
0.079322 0.390751 0.283249
  
  
0.079446 0.391187 0.283405
  
  
0.079581 0.391658 0.283570
  
  
0.079705 0.392089 0.283718
  
  
0.079859 0.392624 0.283901
  
  
0.080024 0.393194 0.284092
  
  
0.080173 0.393710 0.284264
  
  
0.080357 0.394345 0.284473
  
  
0.080551 0.395014 0.284692
  
  
0.080726 0.395616 0.284886
  
  
0.080940 0.396351 0.285122
  
  
0.081164 0.397120 0.285368
  
  
0.081364 0.397808 0.285585
  
  
0.081608 0.398643 0.285848
  
  
0.081862 0.399513 0.286121
  
  
0.082088 0.400287 0.286361
  
  
0.082362 0.401223 0.286651
  
  
0.082647 0.402195 0.286951
  
  
0.082899 0.403056 0.287215
  
  
0.083203 0.404093 0.287532
  
  
0.083518 0.405167 0.287859
  
  
0.083796 0.406115 0.288147
  
  
0.084130 0.407254 0.288491
  
  
0.084476 0.408429 0.288846
  
  
0.084780 0.409465 0.289157
  
  
0.085145 0.410707 0.289529
  
  
0.085521 0.411985 0.289911
  
  
0.085852 0.413109 0.290245
  
  
0.086248 0.414454 0.290645
  
  
0.086654 0.415835 0.291054
  
  
0.087012 0.417047 0.291413
  
  
0.087438 0.418496 0.291840
  
  
0.087876 0.419980 0.292278
  
  
0.088260 0.421282 0.292660
  
  
0.088718 0.422834 0.293116
  
  
0.089186 0.424423 0.293581
  
  
0.089597 0.425814 0.293987
  
  
0.090086 0.427471 0.294471
  
  
0.090586 0.429164 0.294964
  
  
0.091023 0.430645 0.295394
  
  
0.091543 0.432406 0.295906
  
  
0.092075 0.434205 0.296427
  
  
0.092539 0.435776 0.296882
  
  
0.093091 0.437643 0.297422
  
  
0.093653 0.439547 0.297972
  
  
0.094145 0.441208 0.298451
  
  
0.094728 0.443181 0.299019
  
  
0.095323 0.445191 0.299597
  
  
0.095841 0.446944 0.300101
  
  
0.096456 0.449023 0.300697
  
  
0.097082 0.451139 0.301304
  
  
0.097628 0.452983 0.301832
  
  
0.098275 0.455169 0.302457
  
  
0.098933 0.457392 0.303093
  
  
0.099506 0.459328 0.303645
  
  
0.100185 0.461622 0.304299
  
  
0.100876 0.463953 0.304964
  
  
0.101476 0.465981 0.305541
  
  
0.102188 0.468382 0.306224
  
  
0.102910 0.470821 0.306917
  
  
0.103539 0.472942 0.307520
  
  
0.104282 0.475452 0.308232
  
  
0.105037 0.477999 0.308954
  
  
0.105693 0.480213 0.309581
  
  
0.106469 0.482830 0.310322
  
  
0.107256 0.485486 0.311073
  
  
0.107940 0.487793 0.311726
  
  
0.108749 0.490520 0.312496
  
  
0.109569 0.493286 0.313277
  
  
0.110281 0.495687 0.313954
  
  
0.111122 0.498524 0.314754
  
  
0.111975 0.501399 0.315564
  
  
0.112715 0.503895 0.316267
  
  
0.113589 0.506842 0.317096
  
  
0.114475 0.509827 0.317936
  
  
0.115243 0.512416 0.318663
  
  
0.116150 0.515473 0.319522
  
  
0.117069 0.518570 0.320392
  
  
0.117865 0.521254 0.321145
  
  
0.118806 0.524422 0.322033
  
  
0.119758 0.527629 0.322933
  
  
0.120582 0.530409 0.323711
  
  
0.121556 0.533689 0.324630
  
  
0.122541 0.537008 0.325559
  
  
0.123395 0.539883 0.326363
  
  
0.124401 0.543274 0.327311
  
  
0.125420 0.546705 0.328270
  
  
0.126302 0.549676 0.329100
  
  
0.127342 0.553179 0.330079
  
  
0.128394 0.556722 0.331068
  
  
0.129305 0.559789 0.331923
  
  
0.130379 0.563406 0.332932
  
  
0.131465 0.567063 0.333952
  
  
0.132405 0.570227 0.334834
  
  
0.133513 0.573957 0.335873
  
  
0.134632 0.577725 0.336922
  
  
0.135601 0.580986 0.337830
  
  
0.136742 0.584827 0.338898
  
  
0.137894 0.588707 0.339977
  
  
0.138891 0.592061 0.340910
  
  
0.140065 0.596014 0.342008
  
  
0.141252 0.600008 0.343118
  
  
0.142278 0.603462 0.344077
  
  
0.143487 0.607531 0.345207
  
  
0.144708 0.611640 0.346347
  
  
0.145763 0.615193 0.347333
  
  
0.147007 0.619377 0.348494
  
  
0.148263 0.623602 0.349665
  
  
0.149348 0.627254 0.350678
  
  
0.150626 0.631554 0.351869
  
  
0.151915 0.635893 0.353071
  
  
0.153029 0.639641 0.354109
  
  
0.154341 0.644053 0.355331
  
  
0.155664 0.648506 0.356563
  
  
0.156807 0.652352 0.357627
  
  
0.158153 0.656880 0.358880
  
  
0.159512 0.661449 0.360143
  
  
0.160684 0.665394 0.361234
  
  
0.162065 0.670038 0.362517
  
  
0.163457 0.674721 0.363811
  
  
0.164659 0.678764 0.364928
  
  
0.166074 0.683523 0.366242
  
  
0.167500 0.688320 0.367566
  
  
0.168730 0.692459 0.368708
  
  
0.170179 0.697331 0.370053
  
  
0.171640 0.702245 0.371408
  
  
0.078891 0.388245 0.281586
  
  
0.078655 0.387529 0.281459
  
  
0.078476 0.386989 0.281366
  
  
0.078330 0.386554 0.281294
  
  
0.078169 0.386076 0.281218
  
  
0.078018 0.385633 0.281151
  
  
0.077896 0.385279 0.281100
  
  
0.077764 0.384898 0.281050
  
  
0.077641 0.384551 0.281008
  
  
0.077545 0.384281 0.280980
  
  
0.077441 0.383998 0.280955
  
  
0.077348 0.383749 0.280940
  
  
0.077276 0.383563 0.280934
  
  
0.077201 0.383378 0.280935
  
  
0.077137 0.383228 0.280946
  
  
0.077090 0.383127 0.280963
  
  
0.077046 0.383041 0.280991
  
  
0.077011 0.382991 0.281028
  
  
0.076990 0.382976 0.281067
  
  
0.076975 0.382991 0.281122
  
  
0.076970 0.383042 0.281186
  
  
0.076974 0.383114 0.281249
  
  
0.076990 0.383231 0.281330
  
  
0.077015 0.383384 0.281421
  
  
0.077046 0.383543 0.281507
  
  
0.077091 0.383763 0.281616
  
  
0.077147 0.384019 0.281734
  
  
0.077204 0.384268 0.281844
  
  
0.077280 0.384591 0.281980
  
  
0.077367 0.384951 0.282126
  
  
0.077450 0.385289 0.282259
  
  
0.077558 0.385718 0.282423
  
  
0.077676 0.386183 0.282597
  
  
0.077786 0.386611 0.282754
  
  
0.077925 0.387146 0.282947
  
  
0.078074 0.387717 0.283149
  
  
0.078211 0.388237 0.283330
  
  
0.078382 0.388879 0.283551
  
  
0.078563 0.389558 0.283781
  
  
0.078728 0.390170 0.283987
  
  
0.078930 0.390919 0.284236
  
  
0.079143 0.391706 0.284496
  
  
0.079335 0.392412 0.284726
  
  
0.079570 0.393270 0.285004
  
  
0.079816 0.394167 0.285292
  
  
0.080036 0.394966 0.285548
  
  
0.080303 0.395935 0.285855
  
  
0.080582 0.396942 0.286172
  
  
0.080830 0.397836 0.286453
  
  
0.081130 0.398916 0.286789
  
  
0.081441 0.400035 0.287137
  
  
0.081718 0.401025 0.287442
  
  
0.082051 0.402217 0.287809
  
  
0.082396 0.403448 0.288186
  
  
0.082701 0.404535 0.288517
  
  
0.083068 0.405840 0.288914
  
  
0.083446 0.407185 0.289320
  
  
0.083780 0.408369 0.289678
  
  
0.084181 0.409788 0.290104
  
  
0.084593 0.411247 0.290541
  
  
0.084956 0.412530 0.290924
  
  
0.085390 0.414064 0.291381
  
  
0.085837 0.415638 0.291849
  
  
0.086229 0.417020 0.292258
  
  
0.086698 0.418670 0.292746
  
  
0.087180 0.420361 0.293245
  
  
0.087601 0.421843 0.293681
  
  
0.088105 0.423611 0.294199
  
  
0.088621 0.425419 0.294729
  
  
0.089073 0.427002 0.295191
  
  
0.089611 0.428887 0.295741
  
  
0.090162 0.430814 0.296302
  
  
0.090644 0.432498 0.296792
  
  
0.091218 0.434503 0.297373
  
  
0.091804 0.436549 0.297965
  
  
0.092316 0.438336 0.298482
  
  
0.092926 0.440460 0.299095
  
  
0.093547 0.442627 0.299720
  
  
0.094090 0.444517 0.300263
  
  
0.094735 0.446762 0.300908
  
  
0.095393 0.449049 0.301565
  
  
0.095966 0.451042 0.302136
  
  
0.096647 0.453408 0.302812
  
  
0.097340 0.455817 0.303501
  
  
0.097945 0.457915 0.304099
  
  
0.098662 0.460403 0.304809
  
  
0.099392 0.462935 0.305529
  
  
0.100027 0.465138 0.306156
  
  
0.100781 0.467750 0.306898
  
  
0.101547 0.470405 0.307651
  
  
0.102214 0.472714 0.308305
  
  
0.103004 0.475449 0.309080
  
  
0.103806 0.478227 0.309865
  
  
0.104504 0.480641 0.310548
  
  
0.105331 0.483501 0.311355
  
  
0.106171 0.486404 0.312174
  
  
0.106901 0.488926 0.312884
  
  
0.107765 0.491912 0.313725
  
  
0.108643 0.494942 0.314577
  
  
0.109405 0.497573 0.315317
  
  
0.110306 0.500686 0.316191
  
  
0.111221 0.503843 0.317076
  
  
0.112015 0.506582 0.317844
  
  
0.112955 0.509822 0.318752
  
  
0.113908 0.513107 0.319672
  
  
0.114734 0.515954 0.320468
  
  
0.115711 0.519320 0.321409
  
  
0.116701 0.522731 0.322362
  
  
0.117559 0.525688 0.323187
  
  
0.118574 0.529184 0.324162
  
  
0.119603 0.532725 0.325149
  
  
0.120494 0.535792 0.326004
  
  
0.121547 0.539416 0.327013
  
  
0.122614 0.543086 0.328034
  
  
0.123538 0.546264 0.328917
  
  
0.124629 0.550017 0.329960
  
  
0.125734 0.553814 0.331015
  
  
0.126689 0.557100 0.331927
  
  
0.127819 0.560983 0.333004
  
  
0.128963 0.564913 0.334093
  
  
0.129952 0.568313 0.335035
  
  
0.131121 0.572328 0.336147
  
  
0.132303 0.576388 0.337271
  
  
0.133326 0.579901 0.338243
  
  
0.134534 0.584049 0.339390
  
  
0.135756 0.588243 0.340549
  
  
0.136812 0.591868 0.341551
  
  
0.138059 0.596147 0.342732
  
  
0.139319 0.600471 0.343926
  
  
0.140408 0.604206 0.344956
  
  
0.141694 0.608616 0.346172
  
  
0.142993 0.613073 0.347400
  
  
0.144115 0.616921 0.348460
  
  
0.145440 0.621465 0.349711
  
  
0.146780 0.626056 0.350975
  
  
0.147936 0.630020 0.352066
  
  
0.149301 0.634698 0.353352
  
  
0.150680 0.639423 0.354651
  
  
0.151870 0.643502 0.355772
  
  
0.153275 0.648313 0.357094
  
  
0.154692 0.653170 0.358427
  
  
0.155916 0.657361 0.359577
  
  
0.157361 0.662309 0.360935
  
  
0.158820 0.667305 0.362305
  
  
0.160078 0.671615 0.363487
  
  
0.161564 0.676700 0.364881
  
  
0.163063 0.681833 0.366287
  
  
0.164356 0.686258 0.367499
  
  
0.165881 0.691478 0.368928
  
  
0.167420 0.696744 0.370370
  
  
0.078505 0.386328 0.280973
  
  
0.078075 0.385090 0.280723
  
  
0.077739 0.384129 0.280531
  
  
0.077459 0.383333 0.280374
  
  
0.077142 0.382434 0.280199
  
  
0.076834 0.381569 0.280032
  
  
0.076578 0.380855 0.279897
  
  
0.076289 0.380055 0.279747
  
  
0.076011 0.379289 0.279606
  
  
0.075780 0.378660 0.279493
  
  
0.075520 0.377960 0.279370
  
  
0.075271 0.377296 0.279256
  
  
0.075066 0.376755 0.279166
  
  
0.074837 0.376158 0.279070
  
  
0.074618 0.375599 0.278984
  
  
0.074440 0.375148 0.278917
  
  
0.074242 0.374658 0.278849
  
  
0.074055 0.374206 0.278791
  
  
0.073903 0.373849 0.278749
  
  
0.073737 0.373468 0.278710
  
  
0.073582 0.373126 0.278680
  
  
0.073459 0.372864 0.278664
  
  
0.073326 0.372596 0.278653
  
  
0.073204 0.372367 0.278654
  
  
0.073109 0.372204 0.278663
  
  
0.073010 0.372050 0.278683
  
  
0.072922 0.371938 0.278713
  
  
0.072857 0.371874 0.278748
  
  
0.072791 0.371839 0.278799
  
  
0.072739 0.371846 0.278861
  
  
0.072703 0.371885 0.278923
  
  
0.072673 0.371970 0.279005
  
  
0.072656 0.372099 0.279099
  
  
0.072651 0.372243 0.279188
  
  
0.072658 0.372452 0.279303
  
  
0.072677 0.372705 0.279429
  
  
0.072704 0.372957 0.279546
  
  
0.072747 0.373293 0.279694
  
  
0.072803 0.373673 0.279854
  
  
0.072862 0.374034 0.279999
  
  
0.072943 0.374499 0.280181
  
  
0.073038 0.375009 0.280374
  
  
0.073129 0.375483 0.280549
  
  
0.073249 0.376079 0.280765
  
  
0.073382 0.376721 0.280993
  
  
0.073507 0.377310 0.281198
  
  
0.073666 0.378040 0.281448
  
  
0.073839 0.378817 0.281711
  
  
0.073997 0.379522 0.281946
  
  
0.074196 0.380389 0.282232
  
  
0.074409 0.381304 0.282531
  
  
0.074602 0.382126 0.282797
  
  
0.074842 0.383131 0.283119
  
  
0.075095 0.384186 0.283454
  
  
0.075324 0.385128 0.283751
  
  
0.075604 0.386275 0.284110
  
  
0.075899 0.387471 0.284481
  
  
0.076164 0.388535 0.284810
  
  
0.076486 0.389824 0.285206
  
  
0.076823 0.391163 0.285614
  
  
0.077123 0.392350 0.285974
  
  
0.077487 0.393783 0.286408
  
  
0.077867 0.395268 0.286854
  
  
0.078203 0.396581 0.287247
  
  
0.078611 0.398162 0.287719
  
  
0.079034 0.399797 0.288204
  
  
0.079409 0.401237 0.288630
  
  
0.079861 0.402970 0.289141
  
  
0.080328 0.404756 0.289666
  
  
0.080740 0.406325 0.290125
  
  
0.081236 0.408210 0.290676
  
  
0.081748 0.410148 0.291240
  
  
0.082199 0.411849 0.291733
  
  
0.082740 0.413886 0.292323
  
  
0.083296 0.415977 0.292927
  
  
0.083785 0.417808 0.293454
  
  
0.084371 0.420000 0.294084
  
  
0.084973 0.422247 0.294728
  
  
0.085500 0.424210 0.295289
  
  
0.086132 0.426557 0.295959
  
  
0.086779 0.428958 0.296643
  
  
0.087345 0.431052 0.297238
  
  
0.088021 0.433553 0.297948
  
  
0.088714 0.436108 0.298671
  
  
0.089317 0.438330 0.299299
  
  
0.090038 0.440984 0.300047
  
  
0.090776 0.443693 0.300810
  
  
0.091418 0.446050 0.301473
  
  
0.092186 0.448864 0.302263
  
  
0.092971 0.451736 0.303068
  
  
0.093654 0.454231 0.303766
  
  
0.094470 0.457208 0.304599
  
  
0.095302 0.460242 0.305446
  
  
0.096025 0.462873 0.306179
  
  
0.096888 0.466011 0.307053
  
  
0.097767 0.469205 0.307941
  
  
0.098529 0.471971 0.308709
  
  
0.099438 0.475267 0.309623
  
  
0.100364 0.478618 0.310552
  
  
0.101165 0.481520 0.311355
  
  
0.102123 0.484980 0.312312
  
  
0.103097 0.488499 0.313284
  
  
0.103940 0.491542 0.314123
  
  
0.104946 0.495168 0.315122
  
  
0.105968 0.498850 0.316137
  
  
0.106851 0.502029 0.317011
  
  
0.107903 0.505815 0.318051
  
  
0.108971 0.509653 0.319105
  
  
0.109890 0.512955 0.320010
  
  
0.110985 0.516886 0.321087
  
  
0.112097 0.520875 0.322179
  
  
0.113054 0.524310 0.323119
  
  
0.114198 0.528406 0.324238
  
  
0.115357 0.532557 0.325372
  
  
0.116355 0.536128 0.326346
  
  
0.117546 0.540389 0.327509
  
  
0.118755 0.544709 0.328686
  
  
0.119794 0.548422 0.329697
  
  
0.121033 0.552845 0.330900
  
  
0.122289 0.557326 0.332119
  
  
0.123366 0.561171 0.333163
  
  
0.124651 0.565751 0.334407
  
  
0.125951 0.570383 0.335664
  
  
0.127066 0.574353 0.336740
  
  
0.128397 0.579092 0.338024
  
  
0.129745 0.583887 0.339323
  
  
0.130899 0.587994 0.340434
  
  
0.132277 0.592891 0.341759
  
  
0.133669 0.597838 0.343096
  
  
0.134857 0.602061 0.344236
  
  
0.136276 0.607099 0.345597
  
  
0.137709 0.612184 0.346969
  
  
0.138928 0.616513 0.348135
  
  
0.140385 0.621681 0.349528
  
  
0.141858 0.626904 0.350935
  
  
0.143116 0.631363 0.352134
  
  
0.144623 0.636704 0.353572
  
  
0.146149 0.642107 0.355025
  
  
0.147450 0.646715 0.356263
  
  
0.149008 0.652230 0.357745
  
  
0.150584 0.657803 0.359242
  
  
0.151924 0.662548 0.360515
  
  
0.153528 0.668217 0.362037
  
  
0.155146 0.673938 0.363571
  
  
0.156522 0.678803 0.364874
  
  
0.158168 0.684619 0.366433
  
  
0.159829 0.690483 0.368003
  
  
0.161239 0.695465 0.369336
  
  
0.162933 0.701445 0.370936
  
  
0.164647 0.707489 0.372553
  
  
0.078121 0.384417 0.280360
  
  
0.077741 0.383419 0.280114
  
  
0.077445 0.382652 0.279925
  
  
0.077199 0.382020 0.279769
  
  
0.076921 0.381316 0.279595
  
  
0.076652 0.380647 0.279430
  
  
0.076430 0.380101 0.279296
  
  
0.076180 0.379499 0.279147
  
  
0.075940 0.378933 0.279007
  
  
0.075743 0.378478 0.278895
  
  
0.075523 0.377984 0.278772
  
  
0.075314 0.377528 0.278659
  
  
0.075143 0.377169 0.278570
  
  
0.074955 0.376788 0.278475
  
  
0.074778 0.376449 0.278391
  
  
0.074636 0.376191 0.278326
  
  
0.074481 0.375930 0.278261
  
  
0.074338 0.375712 0.278205
  
  
0.074225 0.375560 0.278167
  
  
0.074105 0.375424 0.278131
  
  
0.073998 0.375334 0.278107
  
  
0.073916 0.375293 0.278095
  
  
0.073832 0.375288 0.278092
  
  
0.073762 0.375331 0.278100
  
  
0.073712 0.375405 0.278116
  
  
0.073666 0.375537 0.278145
  
  
0.073634 0.375718 0.278187
  
  
0.073618 0.375912 0.278231
  
  
0.073612 0.376185 0.278295
  
  
0.073620 0.376508 0.278371
  
  
0.073638 0.376826 0.278446
  
  
0.073673 0.377245 0.278545
  
  
0.073722 0.377716 0.278656
  
  
0.073776 0.378162 0.278761
  
  
0.073853 0.378732 0.278896
  
  
0.073944 0.379355 0.279045
  
  
0.074035 0.379932 0.279182
  
  
0.074155 0.380657 0.279354
  
  
0.074291 0.381437 0.279540
  
  
0.074419 0.382149 0.279710
  
  
0.074584 0.383034 0.279920
  
  
0.074764 0.383975 0.280145
  
  
0.074931 0.384824 0.280348
  
  
0.075141 0.385871 0.280597
  
  
0.075368 0.386976 0.280861
  
  
0.075574 0.387966 0.281097
  
  
0.075831 0.389180 0.281387
  
  
0.076104 0.390453 0.281692
  
  
0.076351 0.391587 0.281963
  
  
0.076655 0.392971 0.282294
  
  
0.076977 0.394415 0.282639
  
  
0.077264 0.395695 0.282945
  
  
0.077616 0.397250 0.283316
  
  
0.077985 0.398863 0.283702
  
  
0.078312 0.400283 0.284041
  
  
0.078711 0.402004 0.284452
  
  
0.079127 0.403784 0.284877
  
  
0.079494 0.405347 0.285250
  
  
0.079941 0.407239 0.285702
  
  
0.080405 0.409192 0.286169
  
  
0.080813 0.410900 0.286576
  
  
0.081309 0.412966 0.287070
  
  
0.081823 0.415095 0.287578
  
  
0.082273 0.416953 0.288022
  
  
0.082819 0.419199 0.288558
  
  
0.083383 0.421507 0.289109
  
  
0.083876 0.423519 0.289589
  
  
0.084474 0.425948 0.290169
  
  
0.085090 0.428442 0.290765
  
  
0.085627 0.430612 0.291283
  
  
0.086279 0.433234 0.291909
  
  
0.086950 0.435927 0.292553
  
  
0.087535 0.438270 0.293112
  
  
0.088243 0.441093 0.293787
  
  
0.088971 0.443986 0.294479
  
  
0.089603 0.446497 0.295078
  
  
0.090367 0.449518 0.295801
  
  
0.091148 0.452603 0.296538
  
  
0.091823 0.455265 0.297173
  
  
0.092637 0.458467 0.297938
  
  
0.093472 0.461741 0.298721
  
  
0.094195 0.464575 0.299397
  
  
0.095067 0.467985 0.300212
  
  
0.095960 0.471467 0.301044
  
  
0.096731 0.474475 0.301762
  
  
0.097662 0.478092 0.302627
  
  
0.098612 0.481780 0.303509
  
  
0.099432 0.484959 0.304268
  
  
0.100418 0.488775 0.305180
  
  
0.101423 0.492658 0.306108
  
  
0.102287 0.495992 0.306903
  
  
0.103324 0.499989 0.307858
  
  
0.104378 0.504047 0.308827
  
  
0.105283 0.507529 0.309658
  
  
0.106376 0.511724 0.310659
  
  
0.107489 0.515992 0.311679
  
  
0.108445 0.519655 0.312553
  
  
0.109598 0.524066 0.313606
  
  
0.110773 0.528552 0.314678
  
  
0.111782 0.532405 0.315597
  
  
0.113000 0.537050 0.316707
  
  
0.114241 0.541773 0.317836
  
  
0.115306 0.545828 0.318803
  
  
0.116593 0.550716 0.319972
  
  
0.117907 0.555703 0.321164
  
  
0.119039 0.559998 0.322190
  
  
0.120404 0.565164 0.323426
  
  
0.121794 0.570424 0.324685
  
  
0.122990 0.574948 0.325766
  
  
0.124428 0.580376 0.327065
  
  
0.125890 0.585893 0.328386
  
  
0.127146 0.590628 0.329518
  
  
0.128650 0.596294 0.330874
  
  
0.130176 0.602038 0.332248
  
  
0.131482 0.606954 0.333423
  
  
0.133047 0.612834 0.334830
  
  
0.134634 0.618793 0.336256
  
  
0.135993 0.623897 0.337475
  
  
0.137625 0.630019 0.338941
  
  
0.139283 0.636229 0.340427
  
  
0.140701 0.641545 0.341697
  
  
0.142405 0.647920 0.343223
  
  
0.144132 0.654380 0.344769
  
  
0.145610 0.659906 0.346090
  
  
0.147382 0.666525 0.347674
  
  
0.149174 0.673215 0.349275
  
  
0.150703 0.678924 0.350639
  
  
0.152543 0.685785 0.352281
  
  
0.154413 0.692753 0.353949
  
  
0.156015 0.698722 0.355376
  
  
0.157941 0.705889 0.357092
  
  
0.159895 0.713157 0.358832
  
  
0.161568 0.719381 0.360321
  
  
0.163579 0.726850 0.362110
  
  
0.165617 0.734419 0.363923
  
  
0.167361 0.740894 0.365472
  
  
0.169455 0.748661 0.367333
  
  
0.171580 0.756538 0.369221
  
  
0.173397 0.763276 0.370833
  
  
0.175574 0.771336 0.372764
  
  
0.177781 0.779507 0.374723
  
  
0.179675 0.786519 0.376401
  
  
0.181950 0.794929 0.378418
  
  
0.184258 0.803456 0.380463
  
  
0.186234 0.810761 0.382213
  
  
0.188598 0.819486 0.384305
  
  
0.190989 0.828312 0.386422
  
  
0.193037 0.835871 0.388233
  
  
0.195485 0.844897 0.390397
  
  
0.197957 0.854007 0.392582
  
  
0.077738 0.382511 0.279748
  
  
0.079770 0.387418 0.281158
  
  
0.081474 0.391510 0.282332
  
  
0.082946 0.395048 0.283348
  
  
0.084674 0.399205 0.284543
  
  
0.086413 0.403392 0.285747
  
  
0.087911 0.407000 0.286784
  
  
0.089666 0.411228 0.288001
  
  
0.091427 0.415471 0.289222
  
  
0.092941 0.419116 0.290271
  
  
0.094710 0.423372 0.291497
  
  
0.096481 0.427629 0.292724
  
  
0.098001 0.431275 0.293775
  
  
0.099772 0.435521 0.295000
  
  
0.101542 0.439754 0.296223
  
  
0.103057 0.443369 0.297268
  
  
0.104820 0.447566 0.298482
  
  
0.106576 0.451738 0.299690
  
  
0.108076 0.455289 0.300719
  
  
0.109818 0.459399 0.301912
  
  
0.111550 0.463470 0.303095
  
  
0.113026 0.466924 0.304099
  
  
0.114735 0.470909 0.305259
  
  
0.116430 0.474840 0.306406
  
  
0.117871 0.478162 0.307376
  
  
0.119536 0.481982 0.308493
  
  
0.121182 0.485734 0.309592
  
  
0.122577 0.488892 0.310519
  
  
0.124186 0.492507 0.311582
  
  
0.125771 0.496041 0.312623
  
  
0.127111 0.498999 0.313497
  
  
0.128650 0.502369 0.314495
  
  
0.130163 0.505644 0.315467
  
  
0.131436 0.508369 0.316278
  
  
0.132894 0.511454 0.317199
  
  
0.134322 0.514429 0.318091
  
  
0.135518 0.516885 0.318831
  
  
0.136883 0.519643 0.319665
  
  
0.138212 0.522277 0.320465
  
  
0.139321 0.524430 0.321123
  
  
0.140580 0.526821 0.321857
  
  
0.141798 0.529074 0.322554
  
  
0.142809 0.530888 0.323120
  
  
0.143949 0.532870 0.323743
  
  
0.145044 0.534699 0.324326
  
  
0.145945 0.536137 0.324790
  
  
0.146953 0.537667 0.325292
  
  
0.147913 0.539030 0.325748
  
  
0.148693 0.540057 0.326101
  
  
0.149557 0.541093 0.326469
  
  
0.150367 0.541948 0.326786
  
  
0.151016 0.542527 0.327017
  
  
0.151721 0.543028 0.327238
  
  
0.152368 0.543331 0.327406
  
  
0.152875 0.543426 0.327504
  
  
0.153409 0.543347 0.327567
  
  
0.153881 0.543056 0.327573
  
  
0.154233 0.542628 0.327529
  
  
0.154584 0.541927 0.327422
  
  
0.154867 0.540998 0.327254
  
  
0.155053 0.540010 0.327057
  
  
0.155206 0.538642 0.326769
  
  
0.155287 0.537030 0.326413
  
  
0.155295 0.535445 0.326053
  
  
0.155237 0.533367 0.325569
  
  
0.155101 0.531029 0.325014
  
  
0.154920 0.528809 0.324479
  
  
0.154636 0.525974 0.323788
  
  
0.154271 0.522864 0.323021
  
  
0.153889 0.519969 0.322301
  
  
0.153367 0.516333 0.321391
  
  
0.152758 0.512406 0.320400
  
  
0.152163 0.508798 0.319485
  
  
0.151388 0.504316 0.318341
  
  
0.150520 0.499526 0.317113
  
  
0.149701 0.495166 0.315990
  
  
0.148658 0.489792 0.314600
  
  
0.147519 0.484095 0.313122
  
  
0.146462 0.478943 0.311781
  
  
0.145139 0.472630 0.310134
  
  
0.143713 0.465979 0.308393
  
  
0.142407 0.459995 0.306823
  
  
0.140788 0.452698 0.304904
  
  
0.139063 0.445044 0.302887
  
  
0.137495 0.438189 0.301077
  
  
0.135567 0.429859 0.298874
  
  
0.133526 0.421157 0.296568
  
  
0.131684 0.413389 0.294506
  
  
0.129430 0.403980 0.292004
  
  
0.127060 0.394182 0.289394
  
  
0.124931 0.385462 0.287068
  
  
0.122338 0.374926 0.284255
  
  
0.119623 0.363983 0.281329
  
  
0.117195 0.354268 0.278729
  
  
0.114248 0.342555 0.275592
  
  
0.111174 0.330419 0.272337
  
  
0.108434 0.319667 0.269451
  
  
0.105118 0.306729 0.265974
  
  
0.101669 0.293351 0.262375
  
  
0.098603 0.281521 0.259189
  
  
0.094903 0.267310 0.255359
  
  
0.091064 0.252642 0.251403
  
  
0.087659 0.239692 0.247906
  
  
0.083559 0.224159 0.243710
  
  
0.079316 0.208151 0.239382
  
  
0.075561 0.194039 0.235563
  
  
0.071046 0.177134 0.230987
  
  
0.066383 0.159737 0.226275
  
  
0.062264 0.144418 0.222123
  
  
0.057320 0.126091 0.217153
  
  
0.052221 0.107253 0.212040
  
  
0.047723 0.090686 0.207542
  
  
0.042333 0.070886 0.202161
  
  
0.036783 0.050559 0.196634
  
  
0.031893 0.032701 0.191776
  
  
0.026041 0.011377 0.185972
  
  
0.020024 -0.010492 0.180017
  
  
0.014729 -0.029687 0.174787
  
  
0.008400 -0.052586 0.168546
  
  
0.001900 -0.076048 0.162148
  
  
-0.003813 -0.096624 0.156534
  
  
-0.010637 -0.121151 0.149839
  
  
-0.017637 -0.146259 0.142983
  
  
-0.023783 -0.168260 0.136971
  
  
-0.031116 -0.194465 0.129809
  
  
-0.038631 -0.221268 0.122479
  
  
-0.045223 -0.244737 0.116059
  
  
-0.053082 -0.272671 0.108415
  
  
-0.061128 -0.301222 0.100598
  
  
-0.068180 -0.326204 0.093755
  
  
-0.076580 -0.355920 0.085614
  
  
-0.085173 -0.386274 0.077297
  
  
-0.092698 -0.412817 0.070022
  
  
-0.101656 -0.444372 0.061370
  
  
-0.110814 -0.476583 0.052535
  
  
-0.118828 -0.504733 0.044810
  
  
-0.128362 -0.538180 0.035630
  
  
-0.138102 -0.572300 0.026259
  
  
-0.146620 -0.602102 0.018072
  
  
-0.156747 -0.637492 0.008347
  
  
-0.167085 -0.673577 -0.001572
  
  
-0.176120 -0.705078 -0.010234
  
  
-0.186855 -0.742468 -0.020517
  
  
-0.197808 -0.780572 -0.030998
  
  
-0.207374 -0.813820 -0.040147
  
  
-0.218736 -0.853266 -0.051003
  
  
-0.230320 -0.893444 -0.062065
  
  
-0.240433 -0.928485 -0.071714
  
  
-0.252437 -0.970040 -0.083161
  
  
-0.264671 -1.012346 -0.094818
  
  
0.077356 0.380610 0.279137
  
  
0.061224 0.326252 0.263526
  
  
0.048470 0.283178 0.251183
  
  
0.037476 0.246054 0.240546
  
  
0.024585 0.202527 0.228077
  
  
0.011619 0.158749 0.215539
  
  
0.000441 0.121008 0.204732
  
  
-0.012667 -1115.661173 -296.342746
  
  
-0.025857 -1115.705699 -296.350292
  
  
-0.037235 -1115.744147 -296.356879
  
  
-0.050582 -1115.789290 -296.364685
  
  
-0.064017 -1115.834773 -296.372634
  
  
-0.075609 -1115.874057 -296.379571
  
  
-0.089212 -1115.920195 -296.387789
  
  
-0.102908 -1115.966697 -296.396156
  
  
-0.114729 -1116.006870 -296.403455
  
  
-0.128605 -1116.054064 -296.412101
  
  
-0.142580 -1116.101642 -296.420901
  
  
-0.154646 -1116.142754 -296.428577
  
  
-0.168814 -1116.191063 -296.437670
  
  
-0.183088 -1116.239774 -296.446923
  
  
-0.195416 -1116.281875 -296.454992
  
  
-0.209894 -1116.331354 -296.464548
  
  
-0.224485 -1116.381255 -296.474270
  
  
-0.237088 -1116.424392 -296.482747
  
  
-0.251895 -1116.475099 -296.492782
  
  
-0.266820 -1116.526249 -296.502990
  
  
-0.279715 -1116.570473 -296.511886
  
  
-0.294866 -1116.622467 -296.522416
  
  
-0.310143 -1116.674927 -296.533123
  
  
-0.323344 -1116.720292 -296.542452
  
  
-0.338859 -1116.773635 -296.553494
  
  
-0.354507 -1116.827464 -296.564720
  
  
-0.368032 -1116.874018 -296.574499
  
  
-0.383932 -1116.928768 -296.586073
  
  
-0.399970 -1116.984023 -296.597837
  
  
-0.413836 -1117.031818 -296.608083
  
  
-0.430138 -1117.088035 -296.620204
  
  
-0.446585 -1117.144781 -296.632521
  
  
-0.460806 -1117.193872 -296.643246
  
  
-0.477528 -1117.251619 -296.655931
  
  
-0.494403 -1117.309917 -296.668818
  
  
-0.508996 -1117.360354 -296.680037
  
  
-0.526160 -1117.419694 -296.693306
  
  
-0.543482 -1117.479604 -296.706784
  
  
-0.558465 -1117.531442 -296.718513
  
  
-0.576088 -1117.592433 -296.732384
  
  
-0.593877 -1117.654015 -296.746468
  
  
-0.609265 -1117.707303 -296.758723
  
  
-0.627367 -1117.770006 -296.773212
  
  
-0.645641 -1117.833322 -296.787921
  
  
-0.661450 -1117.888113 -296.800716
  
  
-0.680049 -1117.952589 -296.815839
  
  
-0.698826 -1118.017703 -296.831187
  
  
-0.715072 -1118.074053 -296.844535
  
  
-0.734188 -1118.140369 -296.860311
  
  
-0.753489 -1118.207343 -296.876320
  
  
-0.770191 -1118.265306 -296.890240
  
  
-0.789845 -1118.333523 -296.906689
  
  
-0.809693 -1118.402418 -296.923380
  
  
-0.826868 -1118.462045 -296.937889
  
  
-0.847079 -1118.532223 -296.955030
  
  
-0.867491 -1118.603105 -296.972417
  
  
-0.885155 -1118.664454 -296.987528
  
  
-0.905943 -1118.736661 -297.005377
  
  
-0.926937 -1118.809595 -297.023477
  
  
-0.945107 -1118.872722 -297.039206
  
  
-0.966492 -1118.947025 -297.057782
  
  
-0.988092 -1119.022076 -297.076618
  
  
-1.006786 -1119.087035 -297.092981
  
  
-1.028789 -1119.163495 -297.112304
  
  
-1.051014 -1119.240725 -297.131893
  
  
-1.070249 -1119.307570 -297.148907
  
  
-1.092889 -1119.386250 -297.168995
  
  
-1.115758 -1119.465721 -297.189355
  
  
-1.135551 -1119.534506 -297.207035
  
  
-1.158849 -1119.615473 -297.227906
  
  
-1.182381 -1119.697258 -297.249053
  
  
-1.202749 -1119.768045 -297.267413
  
  
-1.226724 -1119.851367 -297.289084
  
  
-1.250942 -1119.935528 -297.311040
  
  
-1.271904 -1120.008372 -297.330101
  
  
-1.296580 -1120.094112 -297.352595
  
  
-1.321506 -1120.180712 -297.375382
  
  
-1.343081 -1120.255663 -297.395160
  
  
-1.368477 -1120.343886 -297.418496
  
  
-1.394129 -1120.432995 -297.442130
  
  
-1.416332 -1120.510118 -297.462638
  
  
-1.442467 -1120.600894 -297.486831
  
  
-1.468867 -1120.692582 -297.511329
  
  
-1.491716 -1120.771934 -297.532584
  
  
-1.518614 -1120.865333 -297.557657
  
  
-1.545785 -1120.959666 -297.583044
  
  
-1.569302 -1121.041304 -297.605067
  
  
-1.596985 -1121.137391 -297.631042
  
  
-1.624947 -1121.234432 -297.657336
  
  
-1.649148 -1121.318411 -297.680143
  
  
-1.677636 -1121.417251 -297.707038
  
  
-1.706410 -1121.517070 -297.734259
  
  
-1.731314 -1121.603449 -297.757865
  
  
-1.760627 -1121.705111 -297.785698
  
  
-1.790233 -1121.807779 -297.813862
  
  
-1.815855 -1121.896620 -297.838281
  
  
-1.846015 -1122.001176 -297.867070
  
  
-1.876476 -1122.106760 -297.896200
  
  
-1.902838 -1122.198120 -297.921454
  
  
-1.933868 -1122.305635 -297.951224
  
  
-1.965208 -1122.414200 -297.981342
  
  
-1.992328 -1122.508134 -298.007448
  
  
-2.024249 -1122.618678 -298.038217
  
  
-2.056486 -1122.730300 -298.069339
  
  
-2.084382 -1122.826877 -298.096312
  
  
-2.117215 -1122.940525 -298.128097
  
  
-2.150372 -1123.055276 -298.160244
  
  
-2.179064 -1123.154554 -298.188101
  
  
-2.212834 -1123.271376 -298.220928
  
  
-2.246936 -1123.389325 -298.254125
  
  
-2.276445 -1123.491365 -298.282889
  
  
-2.311173 -1123.611429 -298.316778
  
  
-2.346242 -1123.732644 -298.351044
  
  
-2.376584 -1123.837503 -298.380729
  
  
-2.412292 -1123.960881 -298.415699
  
  
-2.448348 -1124.085434 -298.451052
  
  
-2.479542 -1124.193174 -298.481675
  
  
-2.516251 -1124.319936 -298.517744
  
  
-2.553314 -1124.447901 -298.554201
  
  
-2.585379 -1124.558587 -298.585776
  
  
-2.623110 -1124.688807 -298.622965
  
  
-2.661206 -1124.820254 -298.660552
  
  
-2.694163 -1124.933945 -298.693103
  
  
-2.732944 -1125.067693 -298.731438
  
  
-2.772097 -1125.202691 -298.770179
  
  
-2.805966 -1125.319445 -298.803724
  
  
-2.845817 -1125.456792 -298.843224
  
  
-2.886048 -1125.595418 -298.883136
  
  
-2.920847 -1125.715304 -298.917690
  
  
-2.961791 -1125.856327 -298.958374
  
  
-3.003122 -1125.998655 -298.999478
  
  
-3.038872 -1126.121735 -299.035061
  
  
-3.080934 -1126.266508 -299.076955
  
  
-3.123392 -1126.412611 -299.119276
  
  
-3.160114 -1126.538948 -299.155909
  
  
-3.203316 -1126.687544 -299.199032
  
  
-3.246923 -1126.837495 -299.242591
  
  
-3.284637 -1126.967152 -299.280291
  
  
-3.329003 -1127.119646 -299.324666
  
  
-3.373781 -1127.273519 -299.369483
  
  
-3.412505 -1127.406558 -299.408267
  
  
-3.458057 -1127.563021 -299.453913
  
  
-3.504029 -1127.720894 -299.500009
  
  
0.076976 0.378715 0.278527
  
  
0.018585 -11.296909 -2.827120
  
  
-0.028349 -11.442741 -2.869219
  
  
-0.068744 -11.568322 -2.905510
  
  
-0.116038 -11.715419 -2.948057
  
  
-0.163529 -11.863208 -2.990849
  
  
-0.204408 -11.990488 -3.027739
  
  
-0.252273 -12.139595 -3.070990
  
  
-0.300344 -12.289426 -3.114493
  
  
-0.341725 -12.418478 -3.151998
  
  
-0.390186 -12.569676 -3.195975
  
  
-0.438861 -12.721624 -3.240211
  
  
-0.480769 -12.852513 -3.278355
  
  
-0.529853 -13.005877 -3.323086
  
  
-0.579162 -13.160018 -3.368088
  
  
-0.621619 -13.292809 -3.406892
  
  
-0.671350 -13.448413 -3.452399
  
  
-0.721313 -13.604819 -3.498184
  
  
-0.764338 -13.739572 -3.537665
  
  
-0.814739 -13.897493 -3.583970
  
  
-0.865379 -14.056244 -3.630558
  
  
-0.908992 -14.193031 -3.670734
  
  
-0.960086 -14.353349 -3.717854
  
  
-1.011427 -14.514526 -3.765264
  
  
-1.055647 -14.653414 -3.806153
  
  
-1.107459 -14.816209 -3.854113
  
  
-1.159528 -14.979888 -3.902375
  
  
-1.204381 -15.120942 -3.944001
  
  
-1.256939 -15.286285 -3.992831
  
  
-1.309763 -15.452539 -4.041970
  
  
-1.355269 -15.595824 -4.084353
  
  
-1.408595 -15.763801 -4.134070
  
  
-1.462195 -15.932720 -4.184102
  
  
-1.508373 -16.078313 -4.227256
  
  
-1.562491 -16.249007 -4.277881
  
  
-1.616894 -16.420670 -4.328830
  
  
-1.663768 -16.568637 -4.372781
  
  
-1.718709 -16.742124 -4.424344
  
  
-1.773942 -16.916606 -4.476241
  
  
-1.821534 -17.067012 -4.521008
  
  
-1.877319 -17.243369 -4.573531
  
  
-1.933406 -17.420750 -4.626394
  
  
-1.981736 -17.573663 -4.671996
  
  
-2.038390 -17.752971 -4.725499
  
  
-2.095354 -17.933330 -4.779350
  
  
-2.144443 -18.088820 -4.825805
  
  
-2.201990 -18.271162 -4.880309
  
  
-2.259856 -18.454585 -4.935170
  
  
-2.309727 -18.612723 -4.982499
  
  
-2.368195 -18.798178 -5.038033
  
  
-2.426993 -18.984742 -5.093934
  
  
-2.477670 -19.145595 -5.142162
  
  
-2.537087 -19.334239 -5.198754
  
  
-2.596841 -19.524018 -5.255721
  
  
-2.648345 -19.687651 -5.304866
  
  
-2.708733 -19.879570 -5.362533
  
  
-2.769467 -20.072657 -5.420581
  
  
-2.821817 -20.239148 -5.470660
  
  
-2.883202 -20.434428 -5.529424
  
  
-2.944942 -20.630905 -5.588579
  
  
-2.998165 -20.800327 -5.639617
  
  
-3.060576 -20.999050 -5.699510
  
  
-3.123353 -21.198997 -5.759803
  
  
-3.177470 -21.371415 -5.811822
  
  
-3.240933 -21.573658 -5.872866
  
  
-3.304770 -21.777156 -5.934319
  
  
-3.359804 -21.952642 -5.987338
  
  
-3.424344 -22.158494 -6.049557
  
  
-3.489267 -22.365628 -6.112191
  
  
-3.545238 -22.544257 -6.166228
  
  
-3.610879 -22.753804 -6.229639
  
  
-3.676911 -22.964664 -6.293474
  
  
-3.733843 -23.146511 -6.348551
  
  
-3.800615 -23.359840 -6.413186
  
  
-3.867790 -23.574510 -6.478256
  
  
-3.925708 -23.759645 -6.534399
  
  
-3.993640 -23.976834 -6.600286
  
  
-4.061983 -24.195397 -6.666616
  
  
-4.120910 -24.383899 -6.723843
  
  
-4.190027 -24.605046 -6.791001
  
  
-4.259563 -24.827596 -6.858609
  
  
-4.319519 -25.019534 -6.916939
  
  
-4.389844 -25.244717 -6.985392
  
  
-4.460602 -25.471336 -7.054307
  
  
-4.521616 -25.666788 -7.113768
  
  
-4.593184 -25.896096 -7.183549
  
  
-4.665192 -26.126865 -7.253799
  
  
-4.727283 -26.325898 -7.314409
  
  
-4.800116 -26.559410 -7.385539
  
  
-4.873399 -26.794414 -7.457146
  
  
-4.936590 -26.997101 -7.518925
  
  
-5.010716 -27.234902 -7.591428
  
  
-5.085300 -27.474224 -7.664417
  
  
-5.149615 -27.680637 -7.727387
  
  
-5.225059 -27.922816 -7.801286
  
  
-5.300971 -28.166548 -7.875679
  
  
-5.366434 -28.376766 -7.939864
  
  
-5.443228 -28.623410 -8.015191
  
  
-5.520502 -28.871638 -8.091025
  
  
-5.587140 -29.085731 -8.156453
  
  
-5.665313 -29.336917 -8.233237
  
  
-5.743974 -29.589716 -8.310536
  
  
-5.811808 -29.807756 -8.377224
  
  
-5.891384 -30.063584 -8.455484
  
  
-5.971458 -30.321058 -8.534265
  
  
-6.040509 -30.543130 -8.602231
  
  
-6.121516 -30.803689 -8.681992
  
  
-6.203033 -31.065923 -8.762287
  
  
-6.273331 -31.292100 -8.831562
  
  
-6.355803 -31.557470 -8.912860
  
  
-6.438792 -31.824543 -8.994699
  
  
-6.510359 -32.054891 -9.065303
  
  
-6.594320 -32.325163 -9.148159
  
  
-6.678808 -32.597175 -9.231564
  
  
-6.751667 -32.831787 -9.303514
  
  
-6.837142 -33.107059 -9.387947
  
  
-6.923155 -33.384104 -9.472939
  
  
-6.997331 -33.623059 -9.546258
  
  
-7.084352 -33.903434 -9.632296
  
  
-7.171921 -34.185610 -9.718904
  
  
-7.247439 -34.428981 -9.793619
  
  
-7.336038 -34.714528 -9.881299
  
  
-7.425197 -35.001910 -9.969560
  
  
-7.502087 -35.249772 -10.045701
  
  
-7.592293 -35.540585 -10.135050
  
  
-7.683066 -35.833263 -10.224985
  
  
-7.761344 -36.085694 -10.302561
  
  
-7.853178 -36.381877 -10.393590
  
  
-7.945590 -36.679963 -10.485214
  
  
-8.025281 -36.937054 -10.564247
  
  
-8.118774 -37.238698 -10.656985
  
  
-8.212857 -37.542275 -10.750332
  
  
-8.293994 -37.804101 -10.830857
  
  
-8.389185 -38.111298 -10.925348
  
  
-8.484974 -38.420456 -11.020456
  
  
-8.567579 -38.687086 -11.102494
  
  
-8.664490 -38.999915 -11.198757
  
  
-8.762011 -39.314743 -11.295648
  
  
-8.846109 -39.586264 -11.379220
  
  
-8.944770 -39.904825 -11.477281
  
  
-9.044049 -40.225413 -11.575975
  
  
-9.129661 -40.501899 -11.661100
  
  
-9.230098 -40.826291 -11.760980
  
  
-9.331164 -41.152742 -11.861502
  
  
-9.418316 -41.434275 -11.948205
  
  
-9.520561 -41.764578 -12.049937
  
  
-9.623447 -42.096973 -12.152325
  
  
-9.712169 -42.383624 -12.240636
  
  
-9.816255 -42.719925 -12.344255
  
  
-9.920991 -43.058347 -12.448538
  
  
0.076597 0.376826 0.277917
  
  
-0.054718 -0.047533 -3.659076
  
  
-0.160877 -0.390637 -3.756233
  
  
-0.252171 -0.685740 -3.839840
  
  
-0.358983 -1.031047 -3.937715
  
  
-0.466155 -1.377556 -4.035987
  
  
-0.558329 -1.675602 -4.120564
  
  
-0.666180 -2.024370 -4.219583
  
  
-0.774401 -2.374374 -4.319007
  
  
-0.867480 -2.675441 -4.404577
  
  
-0.976395 -3.027763 -4.504762
  
  
-1.085689 -3.381355 -4.605360
  
  
-1.179698 -3.685531 -4.691944
  
  
-1.289707 -4.041513 -4.793318
  
  
-1.400104 -4.398796 -4.895114
  
  
-1.495067 -4.706163 -4.982732
  
  
-1.606198 -5.065906 -5.085321
  
  
-1.717731 -5.426989 -5.188345
  
  
-1.813678 -5.737638 -5.277027
  
  
-1.925970 -6.101234 -5.380872
  
  
-2.038676 -6.466200 -5.485164
  
  
-2.135636 -6.780203 -5.574942
  
  
-2.249120 -7.147740 -5.680074
  
  
-2.363026 -7.516678 -5.785660
  
  
-2.461020 -7.834117 -5.876547
  
  
-2.575716 -8.205700 -5.982977
  
  
-2.690844 -8.578723 -6.089868
  
  
-2.789895 -8.899693 -6.181883
  
  
-2.905834 -9.275422 -6.289637
  
  
-3.022216 -9.652622 -6.397865
  
  
-3.122355 -9.977198 -6.491039
  
  
-3.239575 -10.357169 -6.600160
  
  
-3.357250 -10.738647 -6.709764
  
  
-3.458502 -11.066914 -6.804122
  
  
-3.577030 -11.451216 -6.914632
  
  
-3.696025 -11.837063 -7.025637
  
  
-3.798420 -12.169110 -7.121206
  
  
-3.918291 -12.557856 -7.233138
  
  
-4.038638 -12.948176 -7.345573
  
  
-4.142200 -13.284082 -7.442375
  
  
-4.263442 -13.677368 -7.555753
  
  
-4.385173 -14.072268 -7.669645
  
  
-4.489931 -14.412129 -7.767708
  
  
-4.612581 -14.810055 -7.882569
  
  
-4.735732 -15.209628 -7.997957
  
  
-4.841716 -15.553520 -8.097311
  
  
-4.965808 -15.956178 -8.213690
  
  
-5.090409 -16.360519 -8.330604
  
  
-5.197645 -16.708532 -8.431270
  
  
-5.323204 -17.116036 -8.549184
  
  
-5.449285 -17.525260 -8.667644
  
  
-5.557798 -17.877487 -8.769644
  
  
-5.684859 -18.289940 -8.889127
  
  
-5.812456 -18.704147 -9.009168
  
  
-5.922279 -19.060670 -9.112539
  
  
-6.050882 -19.478166 -9.233632
  
  
-6.180031 -19.897453 -9.355295
  
  
-6.291192 -20.258358 -9.460061
  
  
-6.421363 -20.680989 -9.582788
  
  
-6.552087 -21.105436 -9.706092
  
  
-6.664607 -21.470792 -9.812270
  
  
-6.796373 -21.898654 -9.936655
  
  
-6.928704 -22.328374 -10.061626
  
  
-7.042609 -22.698280 -10.169238
  
  
-7.175997 -23.131485 -10.295300
  
  
-7.309962 -23.566585 -10.421958
  
  
-7.425282 -23.941139 -10.531032
  
  
-7.560337 -24.379797 -10.658818
  
  
-7.695983 -24.820384 -10.787216
  
  
-7.812754 -25.199659 -10.897794
  
  
-7.949513 -25.643855 -11.027347
  
  
-8.086877 -26.090017 -11.157524
  
  
-8.205126 -26.474107 -11.269629
  
  
-8.343618 -26.923958 -11.400968
  
  
-8.482723 -27.375814 -11.532937
  
  
-8.602474 -27.764819 -11.646586
  
  
-8.742728 -28.220439 -11.779734
  
  
-8.883608 -28.678105 -11.913525
  
  
-9.004892 -29.072116 -12.028748
  
  
-9.146947 -29.533609 -12.163745
  
  
-9.289639 -29.997183 -12.299395
  
  
-9.412484 -30.396287 -12.416219
  
  
-9.556369 -30.863747 -12.553092
  
  
-9.700902 -31.333320 -12.690628
  
  
-9.825334 -31.737597 -12.809075
  
  
-9.971080 -32.211132 -12.947852
  
  
-10.117486 -32.686820 -13.087301
  
  
-10.243532 -33.096374 -13.207395
  
  
-10.391170 -33.576104 -13.348097
  
  
-10.539479 -34.058025 -13.489482
  
  
-10.667169 -34.472951 -13.611249
  
  
-10.816741 -34.958981 -13.753921
  
  
-10.966999 -35.447238 -13.897293
  
  
-11.096369 -35.867615 -14.020774
  
  
-11.247910 -36.360028 -14.165457
  
  
-11.400147 -36.854702 -14.310847
  
  
-11.531222 -37.280620 -14.436062
  
  
-11.684761 -37.779541 -14.582773
  
  
-11.839006 -38.280763 -14.730200
  
  
-11.971810 -38.712322 -14.857168
  
  
-12.127378 -39.217859 -15.005935
  
  
-12.283669 -39.725738 -15.155435
  
  
-12.418241 -40.163034 -15.284197
  
  
-12.575885 -40.675291 -15.435071
  
  
-12.734261 -41.189923 -15.586688
  
  
-12.870629 -41.633033 -15.717272
  
  
-13.030381 -42.152111 -15.870284
  
  
-13.190877 -42.673601 -16.024050
  
  
-13.329071 -43.122621 -16.156483
  
  
-13.490960 -43.648621 -16.311658
  
  
-13.653605 -44.177070 -16.467598
  
  
-13.793649 -44.632090 -16.601901
  
  
-13.957706 -45.165132 -16.759264
  
  
-14.122531 -45.700659 -16.917401
  
  
-14.264454 -46.161770 -17.053599
  
  
-14.430717 -46.701948 -17.213188
  
  
-14.597761 -47.244651 -17.373566
  
  
-14.741597 -47.711940 -17.511696
  
  
-14.910102 -48.259354 -17.673549
  
  
-15.079398 -48.809329 -17.836199
  
  
-15.225173 -49.282894 -17.976280
  
  
-15.395950 -49.837677 -18.140417
  
  
-15.567531 -50.395066 -18.305361
  
  
-15.715275 -50.875015 -18.447419
  
  
-15.888362 -51.437283 -18.613875
  
  
-16.062271 -52.002198 -18.781157
  
  
-16.212024 -52.488633 -18.925236
  
  
-16.387469 -53.058500 -19.094062
  
  
-16.563744 -53.631050 -19.263721
  
  
-16.715533 -54.124057 -19.409844
  
  
-16.893363 -54.701626 -19.581063
  
  
-17.072036 -55.281922 -19.753128
  
  
-17.225891 -55.781601 -19.901320
  
  
-17.406139 -56.366987 -20.074962
  
  
-17.587241 -56.955133 -20.249457
  
  
-17.743185 -57.461577 -20.399738
  
  
-17.925883 -58.054899 -20.575825
  
  
-18.109448 -58.651022 -20.752779
  
  
-18.267516 -59.164330 -20.905182
  
  
-18.452705 -59.765692 -21.083760
  
  
-18.638776 -60.369895 -21.263220
  
  
-18.799004 -60.890161 -21.417783
  
  
-18.986725 -61.499670 -21.598893
  
  
-19.175338 -62.112061 -21.780892
  
  
-19.337751 -62.639379 -21.937636
  
  
-19.528031 -63.257157 -22.121296
  
  
-19.719214 -63.877852 -22.305856
  
  
-19.883841 -64.412317 -22.464803
  
  
-20.076714 -65.038466 -22.651047
  
  
-20.270507 -65.667573 -22.838208
  
  
0.076220 0.374941 0.277308
  
  
-0.166242 -0.412103 -3.825826
  
  
-0.362166 -1.048089 -4.006405
  
  
-0.530569 -1.594755 -4.161675
  
  
-0.727512 -2.234083 -4.343316
  
  
-0.925013 -2.875236 -4.525537
  
  
-1.094779 -3.426366 -4.682226
  
  
-1.293325 -4.070930 -4.865535
  
  
-1.492439 -4.717349 -5.049434
  
  
-1.663596 -5.273025 -5.207569
  
  
-1.863774 -5.922933 -5.392570
  
  
-2.064532 -6.574740 -5.578173
  
  
-2.237112 -7.135066 -5.737780
  
  
-2.438963 -7.790436 -5.924515
  
  
-2.641410 -8.447744 -6.111867
  
  
-2.815447 -9.012811 -6.272985
  
  
-3.019010 -9.673746 -6.461491
  
  
-3.223179 -10.336668 -6.650621
  
  
-3.398702 -10.906595 -6.813269
  
  
-3.604010 -11.573248 -7.003570
  
  
-3.809940 -12.241934 -7.194509
  
  
-3.986985 -12.816834 -7.358720
  
  
-4.194081 -13.489321 -7.550859
  
  
-4.401815 -14.163871 -7.743654
  
  
-4.580419 -14.743828 -7.909470
  
  
-4.789346 -15.422255 -8.103491
  
  
-4.998920 -16.102788 -8.298176
  
  
-5.179109 -16.687905 -8.465615
  
  
-5.389893 -17.372383 -8.661538
  
  
-5.601335 -18.059013 -8.858131
  
  
-5.783135 -18.649395 -9.027215
  
  
-5.995811 -19.340055 -9.225066
  
  
-6.209156 -20.032907 -9.423597
  
  
-6.392595 -20.628659 -9.594347
  
  
-6.607195 -21.325624 -9.794153
  
  
-6.822481 -22.024818 -9.994657
  
  
-7.007599 -22.626032 -10.167118
  
  
-7.224174 -23.329407 -10.368936
  
  
-7.441450 -24.035046 -10.571469
  
  
-7.628284 -24.641817 -10.745679
  
  
-7.846872 -25.351710 -10.949547
  
  
-8.066169 -26.063922 -11.154134
  
  
-8.254745 -26.676372 -11.330108
  
  
-8.475376 -27.392936 -11.536044
  
  
-8.696733 -28.111858 -11.742713
  
  
-8.887085 -28.730085 -11.920486
  
  
-9.109803 -29.453419 -12.128537
  
  
-9.333266 -30.179151 -12.337345
  
  
-9.525440 -30.803252 -12.516967
  
  
-9.750295 -31.533477 -12.727187
  
  
-9.975903 -32.266134 -12.938170
  
  
-10.169923 -32.896196 -13.119663
  
  
-10.396943 -33.633411 -13.332076
  
  
-10.624731 -34.373110 -13.545265
  
  
-10.820630 -35.009245 -13.728658
  
  
-11.049854 -35.753582 -13.943298
  
  
-11.279855 -36.500443 -14.158720
  
  
-11.477660 -37.142754 -14.344033
  
  
-11.709119 -37.894337 -14.560923
  
  
-11.941374 -38.648484 -14.778617
  
  
-12.141126 -39.297072 -14.965895
  
  
-12.374870 -40.056012 -15.185092
  
  
-12.609422 -40.817547 -15.405105
  
  
-12.811153 -41.472496 -15.594381
  
  
-13.047218 -42.238899 -15.815918
  
  
-13.284102 -43.007957 -16.038277
  
  
-13.487841 -43.669402 -16.229568
  
  
-13.726259 -44.443424 -16.453464
  
  
-13.965508 -45.220138 -16.678193
  
  
-14.171286 -45.888180 -16.871529
  
  
-14.412102 -46.669942 -17.097831
  
  
-14.653770 -47.454440 -17.324989
  
  
-14.861634 -48.129184 -17.520419
  
  
-15.104891 -48.918799 -17.749172
  
  
-15.349011 -49.711192 -17.978788
  
  
-15.558988 -50.392743 -18.176336
  
  
-15.804723 -51.190344 -18.407569
  
  
-16.051333 -51.990770 -18.639675
  
  
-16.263454 -52.679239 -18.839365
  
  
-16.511702 -53.484951 -19.073106
  
  
-16.760837 -54.293538 -19.307731
  
  
-16.975132 -54.989048 -19.509587
  
  
-17.225932 -55.803015 -19.745869
  
  
-17.477638 -56.619898 -19.983058
  
  
-17.694153 -57.322547 -20.187129
  
  
-17.947556 -58.144880 -20.426012
  
  
-18.201879 -58.970162 -20.665814
  
  
-18.420646 -59.680041 -20.872133
  
  
-18.676685 -60.510850 -21.113644
  
  
-18.933654 -61.344671 -21.356078
  
  
-19.154698 -62.061915 -21.564658
  
  
-19.413405 -62.901358 -21.808815
  
  
-19.673056 -63.743848 -22.053908
  
  
-19.896414 -64.468561 -22.264784
  
  
-20.157840 -65.316757 -22.511643
  
  
-20.420230 -66.168044 -22.759462
  
  
-20.645948 -66.900323 -22.972687
  
  
-20.910136 -67.757380 -23.222294
  
  
-21.175301 -68.617565 -23.472873
  
  
-21.403408 -69.357506 -23.688474
  
  
-21.670396 -70.223540 -23.940863
  
  
-21.938372 -71.092747 -24.194233
  
  
-22.168899 -71.840459 -24.412236
  
  
-22.438724 -72.715603 -24.667439
  
  
-22.709550 -73.593972 -24.923633
  
  
-22.942532 -74.349577 -25.144066
  
  
-23.215235 -75.233963 -25.402122
  
  
-23.488958 -76.121601 -25.661192
  
  
-23.724439 -76.885178 -25.884110
  
  
-24.000072 -77.778905 -26.145079
  
  
-24.276739 -78.675926 -26.407077
  
  
-24.514751 -79.447576 -26.632509
  
  
-24.793344 -80.350768 -26.896413
  
  
-25.072980 -81.257314 -27.161345
  
  
-25.313546 -82.037181 -27.389299
  
  
-25.595134 -82.950000 -27.656158
  
  
-25.877778 -83.866214 -27.924060
  
  
-26.120938 -84.654399 -28.154575
  
  
-26.405570 -85.576962 -28.424445
  
  
-26.691283 -86.502966 -28.695386
  
  
-26.937086 -87.299576 -28.928519
  
  
-27.224811 -88.232003 -29.201449
  
  
-27.513626 -89.167914 -29.475458
  
  
-27.762098 -89.973054 -29.711229
  
  
-28.052948 -90.915481 -29.987244
  
  
-28.344900 -91.861444 -30.264345
  
  
-28.596072 -92.675246 -30.502775
  
  
-28.890086 -93.627826 -30.781903
  
  
-29.185214 -94.583995 -31.062125
  
  
-29.439119 -95.406585 -31.303239
  
  
-29.736339 -96.369462 -31.585518
  
  
-30.034696 -97.335970 -31.868918
  
  
-30.291386 -98.167456 -32.112776
  
  
-30.591868 -99.140745 -32.398272
  
  
-30.893503 -100.117702 -32.684904
  
  
-31.153012 -100.958178 -32.931540
  
  
-31.456793 -101.942007 -33.220282
  
  
-31.761734 -102.929565 -33.510160
  
  
-32.024087 -103.779177 -33.759583
  
  
-32.331197 -104.773706 -34.051586
  
  
-32.639483 -105.772006 -34.344741
  
  
-32.904718 -106.630861 -34.596989
  
  
-33.215212 -107.636213 -34.892313
  
  
-33.526903 -108.645378 -35.188816
  
  
-33.795069 -109.513573 -35.443948
  
  
-34.108993 -110.529853 -35.742645
  
  
-34.424126 -111.549983 -36.042532
  
  
-34.695254 -112.427611 -36.300575
  
  
-35.012644 -113.454938 -36.602678
  
  
-35.331255 -114.486163 -36.905978
  
  
0.075843 0.373062 0.276700
  
  
-0.322230 -0.915249 -0.102284
  
  
-0.643781 -1.955909 -0.408428
  
  
-0.920063 -2.850071 -0.671507
  
  
-1.243066 -3.895436 -0.979114
  
  
-1.566862 -4.943352 -1.287523
  
  
-1.845087 -5.843764 -1.552567
  
  
-2.170374 -6.896456 -1.862485
  
  
-2.496468 -7.951728 -2.173221
  
  
-2.776670 -8.858473 -2.440267
  
  
-3.104272 -9.918602 -2.752523
  
  
-3.432692 -10.981382 -3.065598
  
  
-3.714898 -11.894619 -3.334653
  
  
-4.044849 -12.962368 -3.649261
  
  
-4.375631 -14.032813 -3.964701
  
  
-4.659876 -14.952656 -4.235798
  
  
-4.992228 -16.028158 -4.552813
  
  
-5.325437 -17.106405 -4.870691
  
  
-5.611777 -18.032971 -5.143893
  
  
-5.946582 -19.116347 -5.463374
  
  
-6.282256 -20.202510 -5.783727
  
  
-6.570722 -21.135897 -6.059064
  
  
-6.908021 -22.227276 -6.381047
  
  
-7.246202 -23.321488 -6.703914
  
  
-7.536827 -24.261814 -6.981413
  
  
-7.876657 -25.361334 -7.305928
  
  
-8.217379 -26.463742 -7.631330
  
  
-8.510191 -27.411134 -7.911010
  
  
-8.852589 -28.518941 -8.238085
  
  
-9.195901 -29.629675 -8.566074
  
  
-9.490950 -30.584241 -8.847989
  
  
-9.835973 -31.700452 -9.177690
  
  
-10.181923 -32.819617 -9.508322
  
  
-10.479245 -33.781430 -9.792516
  
  
-10.826932 -34.906150 -10.124883
  
  
-11.175558 -36.033899 -10.458183
  
  
-11.475183 -37.003132 -10.744666
  
  
-11.825567 -38.136553 -11.079712
  
  
-12.176907 -39.273062 -11.415704
  
  
-12.478876 -40.249858 -11.704511
  
  
-12.832021 -41.392169 -12.042297
  
  
-13.186147 -42.537619 -12.381058
  
  
-13.490517 -43.522109 -12.672254
  
  
-13.846472 -44.673430 -13.012832
  
  
-14.203422 -45.827943 -13.354396
  
  
-14.510226 -46.820247 -13.648007
  
  
-14.869032 -47.980726 -13.991411
  
  
-15.228843 -49.144436 -14.335809
  
  
-15.538108 -50.144660 -14.631854
  
  
-15.899798 -51.314431 -14.978108
  
  
-16.262503 -52.487493 -15.325361
  
  
-16.574258 -53.495779 -15.623857
  
  
-16.938868 -54.674995 -15.972986
  
  
-17.304516 -55.857546 -16.323141
  
  
-17.618813 -56.873994 -16.624149
  
  
-17.986403 -58.062760 -16.976227
  
  
-18.355049 -59.254885 -17.329355
  
  
-18.671930 -60.279564 -17.632927
  
  
-19.042545 -61.477976 -17.988005
  
  
-19.414224 -62.679805 -18.344133
  
  
-19.733712 -63.712851 -18.650278
  
  
-20.107380 -64.921069 -19.008367
  
  
-20.482128 -66.132752 -19.367518
  
  
-20.804261 -67.174287 -19.676272
  
  
-21.181039 -68.392458 -20.037430
  
  
-21.558920 -69.614133 -20.399679
  
  
-21.883752 -70.664264 -20.711105
  
  
-22.263692 -71.892504 -21.075389
  
  
-22.644749 -73.124302 -21.440780
  
  
-22.972320 -74.183148 -21.754913
  
  
-23.355470 -75.421602 -22.122372
  
  
-23.739752 -76.663670 -22.490949
  
  
-24.070100 -77.731367 -22.807822
  
  
-24.456505 -78.980202 -23.178492
  
  
-24.844059 -80.232718 -23.550291
  
  
-25.177224 -81.309425 -23.869937
  
  
-25.566932 -82.568815 -24.243856
  
  
-25.957811 -83.831926 -24.618930
  
  
-26.293843 -84.917750 -24.941403
  
  
-26.686912 -86.187818 -25.318639
  
  
-27.081167 -87.461644 -25.697046
  
  
-27.420102 -88.556679 -26.022384
  
  
-27.816565 -89.837539 -26.402963
  
  
-28.214220 -91.122229 -26.784709
  
  
-28.556079 -92.226634 -27.112912
  
  
-28.955965 -93.518468 -27.496844
  
  
-29.357056 -94.814166 -27.881954
  
  
-29.701873 -95.928037 -28.213054
  
  
-30.105232 -97.230966 -28.600391
  
  
-30.509823 -98.537809 -28.988940
  
  
-30.857654 -99.661268 -29.323004
  
  
-31.264540 -100.975415 -29.713806
  
  
-31.672670 -102.293525 -30.105829
  
  
-32.023549 -103.426691 -30.442883
  
  
-32.434006 -104.752216 -30.837187
  
  
-32.845724 -106.081757 -31.232728
  
  
-33.199691 -107.224761 -31.572807
  
  
-33.613766 -108.561820 -31.970655
  
  
-34.029115 -109.902961 -32.369746
  
  
-34.386207 -111.055966 -32.712878
  
  
-34.803946 -112.404739 -33.114303
  
  
-35.222983 -113.757646 -33.517000
  
  
-35.583256 -114.920776 -33.863244
  
  
-36.004723 -116.281411 -34.268320
  
  
-36.427509 -117.646221 -34.674690
  
  
-36.791008 -118.819584 -35.024097
  
  
-37.216249 -120.192203 -35.432870
  
  
-37.642819 -121.569070 -35.842937
  
  
-38.009572 -122.752828 -36.195517
  
  
-38.438623 -124.137623 -36.608002
  
  
-38.869013 -125.526701 -37.021791
  
  
-39.239052 -126.720956 -37.377573
  
  
-39.671958 -128.118047 -37.793817
  
  
-40.106228 -129.519468 -38.211394
  
  
-40.479605 -130.724337 -38.570436
  
  
-40.916414 -132.133843 -38.990490
  
  
-41.354598 -133.547725 -39.411886
  
  
-41.731345 -134.763316 -39.774216
  
  
-42.172101 -136.185374 -40.198121
  
  
-42.614248 -137.611859 -40.623383
  
  
-42.994405 -138.838288 -40.989040
  
  
-43.439156 -140.273039 -41.416842
  
  
-43.885315 -141.712279 -41.846015
  
  
-44.268924 -142.949696 -42.215033
  
  
-44.717718 -144.397317 -42.646773
  
  
-45.167944 -145.849472 -43.079911
  
  
-45.555059 -147.097998 -43.452353
  
  
-46.007964 -148.558628 -43.888108
  
  
-46.462321 -150.023840 -44.325283
  
  
-46.852990 -151.283593 -44.701198
  
  
-47.310050 -152.757370 -45.141010
  
  
-47.768572 -154.235791 -45.582244
  
  
-48.162824 -155.506926 -45.961645
  
  
-48.624080 -156.994034 -46.405538
  
  
-49.086812 -158.485835 -46.850867
  
  
-49.484685 -159.768472 -47.233790
  
  
-49.950185 -161.269042 -47.681816
  
  
-50.417186 -162.774355 -48.131304
  
  
-50.818730 -164.068614 -48.517804
  
  
-51.288522 -165.582785 -48.970007
  
  
-51.759827 -167.101754 -49.423681
  
  
-52.165074 -168.407762 -49.813781
  
  
-52.639203 -169.935691 -50.270198
  
  
-53.114860 -171.468475 -50.728100
  
  
-53.523852 -172.786363 -51.121839
  
  
-54.002366 -174.328195 -51.582518
  
  
-54.482422 -175.874931 -52.044693
  
  
-54.895197 -177.204834 -52.442102
  
  
-55.378139 -178.760738 -52.907076
  
  
-55.862646 -180.321601 -53.373570
  
  
0.075469 0.371188 0.276092
  
  
-0.529299 -1.576932 -0.306184
  
  
-1.017693 -3.150125 -0.776415
  
  
-1.437217 -4.501456 -1.180362
  
  
-1.927565 -6.080912 -1.652524
  
  
-2.418974 -7.663791 -2.125730
  
  
-2.841098 -9.023492 -2.532238
  
  
-3.334498 -10.612767 -3.007407
  
  
-3.828975 -12.205498 -3.483637
  
  
-4.253744 -13.573679 -3.892754
  
  
-4.750252 -15.172903 -4.370990
  
  
-5.247867 -16.775651 -4.850322
  
  
-5.675342 -18.152461 -5.262114
  
  
-6.175017 -19.761791 -5.743478
  
  
-6.675805 -21.374681 -6.225940
  
  
-7.106010 -22.760215 -6.640424
  
  
-7.608883 -24.379767 -7.124942
  
  
-8.112888 -26.002934 -7.610574
  
  
-8.545862 -27.397317 -8.027788
  
  
-9.051983 -29.027241 -8.515506
  
  
-9.559250 -30.660846 -9.004346
  
  
-9.995030 -32.064235 -9.424314
  
  
-10.504438 -33.704716 -9.915255
  
  
-11.015016 -35.348922 -10.407349
  
  
-11.453658 -36.761437 -10.830133
  
  
-11.966427 -38.412613 -11.324386
  
  
-12.480385 -40.067551 -11.819815
  
  
-12.921938 -41.489288 -12.245474
  
  
-13.438115 -43.151264 -12.743091
  
  
-13.955492 -44.817081 -13.241886
  
  
-14.399987 -46.248214 -13.670433
  
  
-14.919610 -47.921210 -14.171429
  
  
-15.440446 -49.598091 -14.673613
  
  
-15.887919 -51.038747 -15.105077
  
  
-16.411038 -52.722905 -15.609502
  
  
-16.935401 -54.410998 -16.115151
  
  
-17.385914 -55.861297 -16.549607
  
  
-17.912590 -57.556744 -17.057529
  
  
-18.440521 -59.256177 -17.566683
  
  
-18.894107 -60.716248 -18.004155
  
  
-19.424387 -62.423154 -18.515613
  
  
-19.955937 -64.134112 -19.028315
  
  
-20.412638 -65.604104 -19.468839
  
  
-20.946568 -67.322633 -19.983873
  
  
-21.481786 -69.045276 -20.500165
  
  
-21.941645 -70.525348 -20.943775
  
  
-22.479278 -72.255698 -21.462424
  
  
-23.018223 -73.990213 -21.982362
  
  
-23.481298 -75.480495 -22.429122
  
  
-24.022702 -77.222806 -22.951469
  
  
-24.565436 -78.969330 -23.475121
  
  
-25.031770 -80.469936 -23.925077
  
  
-25.576986 -82.224334 -24.451158
  
  
-26.123544 -83.983025 -24.978546
  
  
-26.593167 -85.494135 -25.431708
  
  
-27.142236 -87.260845 -25.961540
  
  
-27.692662 -89.031896 -26.492693
  
  
-28.165613 -90.553641 -26.949095
  
  
-28.718589 -92.332818 -27.482732
  
  
-29.272954 -94.116396 -28.017728
  
  
-29.749303 -95.648919 -28.477449
  
  
-30.306254 -97.440709 -29.014969
  
  
-30.864603 -99.236944 -29.553853
  
  
-31.344380 -100.780353 -30.016918
  
  
-31.905346 -102.584891 -30.558356
  
  
-32.467728 -104.393934 -31.101173
  
  
-32.950972 -105.948368 -31.567617
  
  
-33.516000 -107.765821 -32.113011
  
  
-34.082459 -109.587843 -32.659795
  
  
-34.569211 -111.153466 -33.129645
  
  
-35.138345 -112.984028 -33.679025
  
  
-35.708934 -114.819200 -34.229824
  
  
-36.199249 -116.396124 -34.703146
  
  
-36.772564 -118.239920 -35.256605
  
  
-37.347356 -120.088371 -35.811507
  
  
-37.841287 -121.676701 -36.288362
  
  
-38.418830 -123.533843 -36.845952
  
  
-38.997861 -125.395717 -37.404984
  
  
-39.495434 -126.995632 -37.885379
  
  
-40.077243 -128.866353 -38.447105
  
  
-40.660555 -130.741862 -39.010290
  
  
-41.161815 -132.353507 -39.494263
  
  
-41.747951 -134.237966 -40.060194
  
  
-42.335622 -136.127262 -40.627624
  
  
-42.840640 -137.750758 -41.115262
  
  
-43.431173 -139.649083 -41.685481
  
  
-44.023252 -141.552294 -42.257206
  
  
-44.532061 -143.187763 -42.748535
  
  
-45.127031 -145.100115 -43.323074
  
  
-45.723563 -147.017424 -43.899126
  
  
-46.236196 -148.665022 -44.394167
  
  
-46.835641 -150.591574 -44.973046
  
  
-47.436665 -152.523151 -45.553452
  
  
-47.953165 -154.183052 -46.052235
  
  
-48.557140 -156.124015 -46.635498
  
  
-49.162718 -158.070040 -47.220319
  
  
-49.683143 -159.742353 -47.722915
  
  
-50.291721 -161.697852 -48.310651
  
  
-50.901926 -163.658472 -48.899970
  
  
-51.426331 -165.343330 -49.406438
  
  
-52.039562 -167.313507 -49.998698
  
  
-52.654428 -169.288885 -50.592536
  
  
-53.182840 -170.986471 -51.102879
  
  
-53.800762 -172.971566 -51.699671
  
  
-54.420338 -174.961915 -52.298060
  
  
-54.952804 -176.672376 -52.812321
  
  
-55.575481 -178.672545 -53.413713
  
  
-56.199844 -180.678027 -54.016743
  
  
-56.736435 -182.401499 -54.535008
  
  
-57.363938 -184.416890 -55.141084
  
  
-57.993139 -186.437638 -55.748807
  
  
-58.533888 -188.174231 -56.271104
  
  
-59.166258 -190.204977 -56.881898
  
  
-59.800339 -192.241142 -57.494350
  
  
-60.345283 -193.990998 -58.020708
  
  
-60.982559 -196.037268 -58.636248
  
  
-61.621560 -198.089023 -59.253452
  
  
-62.170730 -199.852306 -59.783886
  
  
-62.812955 -201.914302 -60.404197
  
  
-63.456932 -203.981833 -61.026205
  
  
-64.010394 -205.758674 -61.560790
  
  
-64.657649 -207.836535 -62.185972
  
  
-65.306678 -209.919974 -62.812878
  
  
-65.864486 -211.710482 -63.351679
  
  
-66.516824 -213.804344 -63.981788
  
  
-67.170948 -215.903874 -64.613619
  
  
-67.733135 -217.708260 -65.156643
  
  
-68.390597 -219.818379 -65.791690
  
  
-69.049863 -221.934227 -66.428472
  
  
-69.616473 -223.752647 -66.975755
  
  
-70.279124 -225.879204 -67.615805
  
  
-70.943616 -228.011550 -68.257635
  
  
-71.514727 -229.844149 -68.809274
  
  
-72.182644 -231.987287 -69.454416
  
  
-72.852411 -234.136261 -70.101348
  
  
-73.428058 -235.983154 -70.657369
  
  
-74.101281 -238.143020 -71.307639
  
  
-74.776370 -240.308786 -71.959708
  
  
-75.356588 -242.170119 -72.520140
  
  
-76.035155 -244.346881 -73.175562
  
  
-76.715600 -246.529609 -73.832787
  
  
-77.300421 -248.405548 -74.397643
  
  
-77.984378 -250.599413 -75.058244
  
  
-78.670244 -252.799297 -75.720687
  
  
-79.259738 -254.689980 -76.290050
  
  
-79.949170 -256.901092 -76.955938
  
  
-80.640531 -259.118252 -77.623693
  
  
-81.234748 -261.023763 -78.197624
  
  
-81.929702 -263.252222 -78.868851
  
  
-82.626596 -265.486819 -79.541942
  
  
0.075095 0.369320 0.275485
  
  
-0.794139 -2.417718 -0.564008
  
  
-1.495946 -4.667898 -1.241779
  
  
-2.098657 -6.600337 -1.823856
  
  
-2.802995 -8.858574 -2.504095
  
  
-3.508711 -11.121165 -3.185684
  
  
-4.114792 -13.064273 -3.771060
  
  
-4.823078 -15.335005 -4.455163
  
  
-5.532760 -17.610146 -5.140634
  
  
-6.142259 -19.564058 -5.729356
  
  
-6.854547 -21.847441 -6.417376
  
  
-7.568245 -24.135296 -7.106773
  
  
-8.181198 -26.100158 -7.698867
  
  
-8.897533 -28.396387 -8.390834
  
  
-9.615295 -30.697176 -9.084185
  
  
-10.231743 -32.673194 -9.679672
  
  
-10.952171 -34.982490 -10.375612
  
  
-11.674055 -37.296390 -11.072973
  
  
-12.294064 -39.283693 -11.671932
  
  
-13.018675 -41.606207 -12.371956
  
  
-13.744761 -43.933361 -13.073425
  
  
-14.368385 -45.932047 -13.675920
  
  
-15.097222 -48.267897 -14.380072
  
  
-15.827545 -50.608484 -15.085666
  
  
-16.454811 -52.618764 -15.691697
  
  
-17.187912 -54.968201 -16.399983
  
  
-17.922515 -57.322430 -17.109725
  
  
-18.553468 -59.344450 -17.719330
  
  
-19.290900 -61.707647 -18.431820
  
  
-20.029871 -64.075701 -19.145812
  
  
-20.664590 -66.109619 -19.759085
  
  
-21.406426 -68.486735 -20.475864
  
  
-22.149814 -70.868749 -21.194153
  
  
-22.788331 -72.914671 -21.811123
  
  
-23.534619 -75.305855 -22.532234
  
  
-24.282475 -77.702005 -23.254866
  
  
-24.924833 -79.760087 -23.875567
  
  
-25.675611 -82.165501 -24.601036
  
  
-26.427968 -84.575949 -25.328030
  
  
-27.074200 -86.646362 -25.952476
  
  
-27.829522 -89.066233 -26.682341
  
  
-28.586456 -91.491194 -27.413770
  
  
-29.236633 -93.574080 -28.042048
  
  
-29.996581 -96.008554 -28.776408
  
  
-30.758167 -98.448170 -29.512363
  
  
-31.412350 -100.543658 -30.144541
  
  
-32.176985 -102.992890 -30.883459
  
  
-32.943268 -105.447352 -31.623972
  
  
-33.601488 -107.555636 -32.260058
  
  
-34.370848 -110.019855 -33.003547
  
  
-35.141871 -112.489355 -33.748643
  
  
-35.804171 -114.610580 -34.388675
  
  
-36.578321 -117.089962 -35.136801
  
  
-37.354168 -119.574701 -35.886573
  
  
-38.020622 -121.709038 -36.530631
  
  
-38.799627 -124.203770 -37.283459
  
  
-39.580347 -126.703912 -38.037949
  
  
-40.250997 -128.851503 -38.686072
  
  
-41.034920 -131.361755 -39.443664
  
  
-41.820575 -133.877479 -40.202933
  
  
-42.495468 -136.038464 -40.855165
  
  
-43.284357 -138.564393 -41.617565
  
  
-44.074993 -141.095870 -42.381650
  
  
-44.754169 -143.270434 -43.038014
  
  
-45.548071 -145.812261 -43.805251
  
  
-46.343746 -148.359679 -44.574203
  
  
-47.027261 -150.547946 -45.234764
  
  
-47.826251 -153.105824 -46.006922
  
  
-48.627037 -155.669346 -46.780824
  
  
-49.314948 -157.871448 -47.445643
  
  
-50.119074 -160.445516 -48.222772
  
  
-50.925007 -163.025314 -49.001640
  
  
-51.617345 -165.241444 -49.670727
  
  
-52.426658 -167.831942 -50.452855
  
  
-53.237800 -170.428231 -51.236746
  
  
-53.934622 -172.658539 -51.910156
  
  
-54.749194 -175.265634 -52.697363
  
  
-55.565630 -177.878581 -53.486374
  
  
-56.267012 -180.123228 -54.164198
  
  
-57.086916 -182.747108 -54.956561
  
  
-57.908696 -185.376885 -55.750737
  
  
-58.614671 -187.635996 -56.432999
  
  
-59.439952 -190.276809 -57.230557
  
  
-60.267128 -192.923596 -58.029941
  
  
-60.977742 -195.197340 -58.716680
  
  
-61.808451 -197.855280 -59.519471
  
  
-62.641069 -200.519274 -60.324098
  
  
-63.356362 -202.807830 -61.015336
  
  
-64.192552 -205.483110 -61.823401
  
  
-65.030681 -208.164489 -62.633338
  
  
-65.750721 -210.467992 -63.329158
  
  
-66.592472 -213.160764 -64.142592
  
  
-67.436184 -215.859696 -64.957922
  
  
-68.161027 -218.178292 -65.658379
  
  
-69.008394 -220.888748 -66.477229
  
  
-69.857734 -223.605451 -67.297975
  
  
-70.587413 -225.939345 -68.003081
  
  
-71.440440 -228.667695 -68.827371
  
  
-72.295463 -231.402348 -69.653582
  
  
-73.030037 -233.751676 -70.363400
  
  
-73.888805 -236.498088 -71.193225
  
  
-74.749601 -239.250865 -72.025008
  
  
-75.489138 -241.615784 -72.739614
  
  
-76.353703 -244.380446 -73.575023
  
  
-77.220307 -247.151538 -74.412394
  
  
-77.964840 -249.532212 -75.131805
  
  
-78.835258 -252.315330 -75.972842
  
  
-79.707739 -255.104954 -76.815864
  
  
-80.457326 -257.501549 -77.540136
  
  
-81.333657 -260.303276 -78.386866
  
  
-82.212068 -263.111564 -79.235594
  
  
-82.966754 -265.524223 -79.964770
  
  
-83.849058 -268.344759 -80.817243
  
  
-84.733468 -271.171910 -81.671747
  
  
-85.493315 -273.600782 -82.405893
  
  
-86.381654 -276.440287 -83.264178
  
  
-87.272120 -279.286463 -84.124511
  
  
-88.037172 -281.731689 -84.863667
  
  
-88.931598 -284.590342 -85.727805
  
  
-89.828164 -287.455760 -86.593993
  
  
-90.598460 -289.917544 -87.338179
  
  
-91.499028 -292.795574 -88.208209
  
  
-92.401759 -295.680421 -89.080315
  
  
-93.177362 -298.158911 -89.829599
  
  
-94.084150 -301.056488 -90.705608
  
  
-94.993134 -303.960952 -91.583734
  
  
-95.774115 -306.456312 -92.338194
  
  
-96.687190 -309.373641 -93.220248
  
  
-97.602475 -312.297916 -94.104425
  
  
-98.388868 -314.810299 -94.864083
  
  
-99.308274 -317.747536 -95.752218
  
  
-100.229912 -320.691790 -96.642497
  
  
-101.021772 -323.221351 -97.407404
  
  
-101.947573 -326.178693 -98.301680
  
  
-102.875621 -329.143136 -99.198106
  
  
-103.672986 -331.690070 -99.968286
  
  
-104.605231 -334.667733 -100.868733
  
  
-105.539754 -337.652552 -101.771368
  
  
-106.342699 -340.217020 -102.546903
  
  
-107.281479 -343.215208 -103.453624
  
  
-108.222559 -346.220596 -104.362559
  
  
-109.031137 -348.802723 -105.143509
  
  
-109.976504 -351.821585 -106.056555
  
  
-110.924187 -354.847750 -106.971818
  
  
-111.738442 -357.447759 -107.758203
  
  
-112.690449 -360.487530 -108.677609
  
  
-113.644793 -363.534655 -109.599255
  
  
-114.464779 -366.152680 -110.391133
  
  
-115.423503 -369.213529 -111.316985
  
  
-116.384594 -372.281786 -112.245112
  
  
0.074723 0.367457 0.274878
  
  
-1.123384 -3.457213 -0.882064
  
  
-2.090568 -6.544626 -1.815987
  
  
-2.921041 -9.195596 -2.617902
  
  
-3.891389 -12.293033 -3.554883
  
  
-4.863452 -15.395896 -4.493522
  
  
-5.698126 -18.060160 -5.299500
  
  
-6.673399 -21.173169 -6.241245
  
  
-7.650412 -24.291699 -7.184667
  
  
-8.489348 -26.969456 -7.994762
  
  
-9.469618 -30.098256 -8.941338
  
  
-10.451656 -33.232606 -9.889632
  
  
-11.294926 -35.923980 -10.703933
  
  
-12.280273 -39.068725 -11.655437
  
  
-13.267405 -42.219072 -12.608673
  
  
-14.115045 -44.924189 -13.427210
  
  
-15.105498 -48.085053 -14.383651
  
  
-16.097752 -51.251645 -15.341820
  
  
-16.949799 -53.970776 -16.164594
  
  
-17.945413 -57.148043 -17.125997
  
  
-18.942851 -60.331087 -18.089156
  
  
-19.799371 -63.064369 -18.916241
  
  
-20.800242 -66.258209 -19.882724
  
  
-21.802976 -69.457889 -20.851012
  
  
-22.664053 -72.205473 -21.682513
  
  
-23.670250 -75.416045 -22.654152
  
  
-24.678323 -78.632516 -23.627605
  
  
-25.543994 -81.394557 -24.463546
  
  
-26.555569 -84.622076 -25.440379
  
  
-27.569036 -87.855566 -26.419034
  
  
-28.439341 -90.632246 -27.259442
  
  
-29.456339 -93.876906 -28.241495
  
  
-30.475246 -97.127627 -29.225382
  
  
-31.350232 -99.919137 -30.070288
  
  
-32.372717 -103.181148 -31.057622
  
  
-33.397145 -106.449265 -32.046833
  
  
-34.276888 -109.255735 -32.896333
  
  
-35.304945 -112.535255 -33.889050
  
  
-36.334967 -115.820933 -34.883667
  
  
-37.219517 -118.642503 -35.737810
  
  
-38.253194 -121.939722 -36.735943
  
  
-39.288849 -125.243215 -37.735975
  
  
-40.178247 -128.080132 -38.594773
  
  
-41.217601 -131.395311 -39.598359
  
  
-42.258958 -134.716808 -40.603873
  
  
-43.153269 -137.569209 -41.467402
  
  
-44.198392 -140.902515 -42.476552
  
  
-45.245552 -144.242205 -43.487671
  
  
-46.144852 -147.110247 -44.356016
  
  
-47.195802 -150.461849 -45.370788
  
  
-48.248801 -153.819891 -46.387535
  
  
-49.153118 -156.703712 -47.260712
  
  
-50.209936 -160.073793 -48.281131
  
  
-51.268825 -163.450398 -49.303540
  
  
-52.178210 -166.350199 -50.181590
  
  
-53.240962 -169.738996 -51.207708
  
  
-54.305798 -173.134403 -52.235821
  
  
-55.220299 -176.050385 -53.118773
  
  
-56.289050 -179.458118 -54.150649
  
  
-57.359928 -182.872514 -55.184578
  
  
-58.279637 -185.804819 -56.072552
  
  
-59.354489 -189.231645 -57.110315
  
  
-60.431489 -192.665175 -58.150155
  
  
-61.356456 -195.613927 -59.043204
  
  
-62.437450 -199.060025 -60.086882
  
  
-63.520599 -202.512939 -61.132623
  
  
-64.450847 -205.478381 -62.030729
  
  
-65.538019 -208.944015 -63.080321
  
  
-66.627369 -212.416535 -64.131997
  
  
-67.562960 -215.398843 -65.035223
  
  
-68.656404 -218.884215 -66.090836
  
  
-69.752064 -222.376532 -67.148584
  
  
-70.693083 -225.375854 -68.057034
  
  
-71.792873 -228.881125 -69.118753
  
  
-72.894900 -232.393401 -70.182626
  
  
-73.841393 -235.409881 -71.096342
  
  
-74.947584 -238.935239 -72.164214
  
  
-76.056030 -242.467686 -73.234249
  
  
-77.008041 -245.501523 -74.153260
  
  
-78.120689 -249.047208 -75.227322
  
  
-79.235607 -252.600079 -76.303553
  
  
-80.193184 -255.651490 -77.227886
  
  
-81.312352 -259.217720 -78.308192
  
  
-82.433826 -262.791170 -79.390716
  
  
-83.397050 -265.860265 -80.320481
  
  
-84.522830 -269.447178 -81.407149
  
  
-85.650935 -273.041352 -82.496057
  
  
-86.619853 -276.128260 -83.431299
  
  
-87.752286 -279.736053 -84.524351
  
  
-88.887054 -283.351224 -85.619634
  
  
-89.861695 -286.456199 -86.560344
  
  
-91.000823 -290.085126 -87.659793
  
  
-92.142316 -293.721506 -88.761504
  
  
-93.122754 -296.844728 -89.707764
  
  
-94.268688 -300.495009 -90.813741
  
  
-95.417023 -304.152797 -91.922026
  
  
-96.403341 -307.294411 -92.873934
  
  
-97.556147 -310.966212 -93.986509
  
  
-98.711374 -314.645598 -95.101407
  
  
-99.703619 -317.805787 -96.059001
  
  
-100.863354 -321.499327 -97.178217
  
  
-102.025527 -325.200517 -98.299769
  
  
-103.023741 -328.379451 -99.263079
  
  
-104.190458 -332.094923 -100.388979
  
  
-105.359627 -335.818132 -101.517219
  
  
-106.363852 -339.016000 -102.486271
  
  
-107.537611 -342.753621 -103.618905
  
  
-108.713860 -346.499040 -104.753926
  
  
-109.724182 -349.716009 -105.728822
  
  
-110.905074 -353.475969 -106.868294
  
  
-112.088479 -357.243777 -108.010179
  
  
-113.104950 -360.479983 -108.990974
  
  
-114.293036 -364.262487 -110.137337
  
  
-115.483651 -368.052948 -111.286116
  
  
-116.506316 -371.308633 -112.272829
  
  
-117.701643 -375.113892 -113.426112
  
  
-118.899525 -378.927170 -114.581841
  
  
-119.928453 -382.202484 -115.574547
  
  
-121.131123 -386.030720 -116.734868
  
  
-122.336375 -389.867030 -117.897664
  
  
-123.371626 -393.162139 -118.896428
  
  
-124.581684 -397.013542 -120.063816
  
  
-125.794346 -400.873110 -121.233694
  
  
-126.835970 -404.188216 -122.238550
  
  
-128.053481 -408.063009 -123.413061
  
  
-129.273614 -411.946028 -124.590079
  
  
-130.321663 -415.281289 -125.601077
  
  
-131.546696 -419.179667 -126.782779
  
  
-132.774378 -423.086370 -127.967009
  
  
-133.828913 -426.441986 -128.984202
  
  
-135.061536 -430.364148 -130.173162
  
  
-136.296834 -434.294663 -131.364686
  
  
-137.357924 -437.670755 -132.388159
  
  
-138.598219 -441.616882 -133.584468
  
  
-139.841211 -445.571430 -134.783362
  
  
-140.908904 -448.968167 -135.813156
  
  
-142.156908 -452.938469 -137.016828
  
  
-143.407620 -456.917318 -138.223075
  
  
-144.481951 -460.334972 -139.259186
  
  
-145.737728 -464.329744 -140.470260
  
  
-146.996247 -468.333129 -141.683949
  
  
-148.077300 -471.771865 -142.726476
  
  
-149.340958 -475.791284 -143.945088
  
  
-150.607404 -479.819376 -145.166373
  
  
-151.695274 -483.279349 -146.215436
  
  
-152.966896 -487.323616 -147.441674
  
  
-154.241313 -491.376617 -148.670585
  
  
-155.336027 -494.857998 -149.726190
  
  
-156.615652 -498.927315 -150.960072
  
  
-157.898088 -503.005456 -152.196635
  
  
0.074353 0.365600 0.274273
  
  
-1.523628 -4.715702 -1.266447
  
  
-2.813430 -8.817000 -2.509978
  
  
-3.920757 -12.338030 -3.577570
  
  
-5.214434 -16.451541 -4.824824
  
  
-6.510219 -20.571661 -6.074109
  
  
-7.622703 -24.108879 -7.146669
  
  
-8.922421 -28.241340 -8.399744
  
  
-10.224272 -32.380464 -9.654877
  
  
-11.341972 -35.934025 -10.732466
  
  
-12.647790 -40.085646 -11.991411
  
  
-13.955755 -44.244055 -13.252410
  
  
-15.078714 -47.814232 -14.335036
  
  
-16.390691 -51.985297 -15.599882
  
  
-17.704841 -56.163205 -16.866813
  
  
-18.833128 -59.750147 -17.954556
  
  
-20.151356 -63.940826 -19.225415
  
  
-21.471793 -68.138413 -20.498404
  
  
-22.605487 -71.742283 -21.591355
  
  
-23.930034 -75.952787 -22.868291
  
  
-25.256800 -80.170264 -24.147359
  
  
-26.395934 -83.791238 -25.245532
  
  
-27.726851 -88.021778 -26.528580
  
  
-29.060016 -92.259388 -27.813785
  
  
-30.204655 -95.897671 -28.917239
  
  
-31.542013 -100.148456 -30.206470
  
  
-32.881640 -104.406396 -31.497872
  
  
-34.031838 -108.062184 -32.606652
  
  
-35.375712 -112.333459 -33.902130
  
  
-36.721888 -116.611939 -35.199821
  
  
-37.877724 -120.285389 -36.314022
  
  
-39.228199 -124.577335 -37.615845
  
  
-40.581000 -128.876546 -38.919909
  
  
-41.742530 -132.567808 -40.039583
  
  
-43.099657 -136.880626 -41.347791
  
  
-44.459124 -141.200838 -42.658231
  
  
-45.626384 -144.910188 -43.783381
  
  
-46.990220 -149.244163 -45.098000
  
  
-48.356425 -153.585594 -46.414887
  
  
-49.529491 -157.313195 -47.545597
  
  
-50.900138 -161.668526 -48.866750
  
  
-52.273191 -166.031361 -50.190219
  
  
-53.452146 -169.777363 -51.326591
  
  
-54.829676 -174.154231 -52.654353
  
  
-56.209621 -178.538670 -53.984431
  
  
-57.394493 -182.303231 -55.126474
  
  
-58.778943 -186.701818 -56.460866
  
  
-60.165833 -191.108065 -57.797593
  
  
-61.356679 -194.891389 -58.945356
  
  
-62.748123 -199.311946 -60.286441
  
  
-64.142024 -203.740266 -61.629867
  
  
-65.338896 -207.542586 -62.783380
  
  
-66.737396 -211.985366 -64.131203
  
  
-68.138401 -216.435975 -65.481430
  
  
-69.341401 -220.257476 -66.640818
  
  
-70.747080 -224.722689 -67.995532
  
  
-72.155285 -229.195755 -69.352676
  
  
-73.364469 -233.036523 -70.518011
  
  
-74.777378 -237.524316 -71.879665
  
  
-76.192828 -242.020110 -73.243741
  
  
-77.408236 -245.880459 -74.415018
  
  
-78.828420 -250.391144 -75.783614
  
  
-80.251164 -254.909892 -77.154652
  
  
-81.472850 -258.789988 -78.331921
  
  
-82.900400 -263.323793 -79.707559
  
  
-84.330550 -267.865714 -81.085690
  
  
-85.558602 -271.765705 -82.269060
  
  
-86.993588 -276.322776 -83.651820
  
  
-88.431192 -280.888034 -85.037085
  
  
-89.665653 -284.808094 -86.226589
  
  
-91.108139 -289.388649 -87.616523
  
  
-92.553261 -293.977465 -89.008978
  
  
-93.794184 -297.917769 -90.204661
  
  
-95.244232 -302.522021 -91.601825
  
  
-96.696939 -307.134651 -93.001521
  
  
-97.944378 -311.095446 -94.203416
  
  
-99.402050 -315.723656 -95.607852
  
  
-100.862422 -320.360304 -97.014873
  
  
-102.116468 -324.341769 -98.223089
  
  
-103.581879 -328.994173 -99.634930
  
  
-105.050009 -333.655047 -101.049380
  
  
-106.310717 -337.657299 -102.263980
  
  
-107.783919 -342.334054 -103.683277
  
  
-109.259864 -347.019438 -105.105184
  
  
-110.527288 -351.042792 -106.326184
  
  
-112.008342 -355.744205 -107.752966
  
  
-113.492164 -360.454292 -109.182390
  
  
-114.766372 -364.498899 -110.409867
  
  
-116.255384 -369.225197 -111.844256
  
  
-117.747200 -373.960235 -113.281332
  
  
-119.028272 -378.026257 -114.515379
  
  
-120.525300 -382.777595 -115.957433
  
  
-122.025147 -387.537749 -117.402183
  
  
-123.313121 -391.625362 -118.642823
  
  
-124.818216 -396.401948 -120.092580
  
  
-126.326145 -401.187407 -121.545043
  
  
-127.621067 -405.296767 -122.792314
  
  
-129.134297 -410.098821 -124.249836
  
  
-130.650387 -414.909883 -125.710075
  
  
-131.952316 -419.041272 -126.964013
  
  
-133.473742 -423.869070 -128.429335
  
  
-134.998070 -428.705920 -129.897433
  
  
-136.307104 -432.859495 -131.158161
  
  
-137.836856 -437.713259 -132.631446
  
  
-139.369533 -442.576106 -134.107536
  
  
-140.685731 -446.751960 -135.375128
  
  
-142.223851 -451.631793 -136.856419
  
  
-143.764913 -456.520870 -138.340508
  
  
-145.088316 -460.719338 -139.614955
  
  
-146.634854 -465.625622 -141.104252
  
  
-148.184350 -470.541207 -142.596357
  
  
-149.515007 -474.762464 -143.877702
  
  
-151.070060 -479.695433 -145.375105
  
  
-152.628126 -484.637787 -146.875390
  
  
-153.966154 -488.882033 -148.163776
  
  
-155.529813 -493.841850 -149.669401
  
  
-157.096500 -498.811097 -151.177920
  
  
-158.441944 -503.078463 -152.473391
  
  
-160.014285 -508.065357 -153.987305
  
  
-161.589668 -513.061765 -155.504120
  
  
-162.942572 -517.352448 -156.806704
  
  
-164.523631 -522.366613 -158.328927
  
  
-166.107760 -527.390435 -159.854061
  
  
-167.468180 -531.704725 -161.163784
  
  
-169.058030 -536.746480 -162.694362
  
  
-170.650981 -541.797897 -164.227900
  
  
-172.018995 -546.135882 -165.544868
  
  
-173.617740 -551.205364 -167.083936
  
  
-175.219616 -556.284580 -168.625999
  
  
-176.595291 -560.646418 -169.950287
  
  
-178.202981 -565.743806 -171.497887
  
  
-179.813816 -570.851077 -173.048473
  
  
-181.197193 -575.237090 -174.380075
  
  
-182.813896 -580.362760 -175.936236
  
  
-184.433772 -585.498366 -177.495414
  
  
-185.824927 -589.908714 -178.834418
  
  
-187.450747 -595.062839 -180.399269
  
  
-189.079792 -600.226985 -181.967202
  
  
-190.478832 -604.661858 -183.313739
  
  
-192.113859 -609.844649 -184.887377
  
  
-193.752110 -615.037495 -186.464091
  
  
-195.159055 -619.497026 -187.818160
  
  
-196.803327 -624.708682 -189.400605
  
  
-198.450851 -629.930507 -190.986143
  
  
-199.865757 -634.414930 -192.347789
  
  
-201.519334 -639.655685 -193.939084
  
  
-203.176180 -644.906707 -195.533479
  
  
-204.599100 -649.416260 -196.902729
  
  
-206.262061 -654.686408 -198.502938
  
  
-207.928335 -659.966872 -200.106307
  
  
0.073984 0.363748 0.273668
  
  
-2.001531 -6.213191 -1.723397
  
  
-3.676618 -11.521026 -3.335137
  
  
-5.114559 -16.077315 -4.718696
  
  
-6.794307 -21.399754 -6.334901
  
  
-8.476570 -26.730131 -7.953501
  
  
-9.920680 -31.305860 -9.342943
  
  
-11.607652 -36.651068 -10.966035
  
  
-13.297167 -42.004291 -12.591549
  
  
-14.747516 -46.599651 -13.986944
  
  
-16.441809 -51.967814 -15.617038
  
  
-18.138695 -57.344047 -17.249623
  
  
-19.595388 -61.959184 -18.651109
  
  
-21.297094 -67.350493 -20.288311
  
  
-23.001405 -72.749943 -21.928009
  
  
-24.464477 -77.385036 -23.335602
  
  
-26.173645 -82.799712 -24.979942
  
  
-27.885441 -88.222645 -26.626790
  
  
-29.354947 -92.877939 -28.040526
  
  
-31.071642 -98.316254 -29.692050
  
  
-32.790987 -103.762928 -31.346095
  
  
-34.266985 -108.438662 -32.766014
  
  
-35.991287 -113.900886 -34.424791
  
  
-37.718283 -119.371508 -36.086152
  
  
-39.200876 -124.067818 -37.512390
  
  
-40.932899 -129.554106 -39.178570
  
  
-42.667639 -135.048845 -40.847359
  
  
-44.156884 -139.765875 -42.279977
  
  
-45.896678 -145.276439 -43.953593
  
  
-47.639192 -150.795585 -45.629795
  
  
-49.135110 -155.533626 -47.068762
  
  
-50.882713 -161.068778 -48.749808
  
  
-52.633073 -166.612600 -50.433480
  
  
-54.135749 -171.371863 -51.878887
  
  
-55.891279 -176.931827 -53.567504
  
  
-57.649612 -182.500514 -55.258809
  
  
-59.159149 -187.281150 -56.710788
  
  
-60.922697 -192.866132 -58.407078
  
  
-62.689059 -198.459907 -60.106057
  
  
-64.205496 -203.262105 -61.564630
  
  
-65.977121 -208.872334 -63.268637
  
  
-67.751592 -214.491470 -64.975358
  
  
-69.274994 -219.315460 -66.440581
  
  
-71.054760 -224.951161 -68.152356
  
  
-72.837385 -230.595844 -69.866853
  
  
-74.367798 -235.441828 -71.338753
  
  
-76.155778 -241.103278 -73.058357
  
  
-77.946661 -246.773787 -74.780734
  
  
-79.484175 -251.641956 -76.259416
  
  
-81.280461 -257.329352 -77.986950
  
  
-83.079678 -263.025879 -79.717289
  
  
-84.624364 -267.916424 -81.202825
  
  
-86.429035 -273.630033 -82.938359
  
  
-88.236650 -279.352903 -84.676692
  
  
-89.788556 -284.266117 -86.169093
  
  
-91.601680 -290.006232 -87.912675
  
  
-93.417784 -295.755670 -89.659096
  
  
-94.976995 -300.691717 -91.158465
  
  
-96.798683 -306.458536 -92.910229
  
  
-98.623395 -312.234738 -94.664890
  
  
-100.190003 -317.193784 -96.171338
  
  
-102.020326 -322.987514 -97.931351
  
  
-103.853672 -328.790702 -99.694245
  
  
-105.427689 -333.772929 -101.207750
  
  
-107.266670 -339.593778 -102.976005
  
  
-109.108702 -345.424187 -104.747162
  
  
-110.690188 -350.429818 -106.267775
  
  
-112.537912 -356.278050 -108.044349
  
  
-114.388707 -362.135939 -109.823836
  
  
-115.977722 -367.165209 -111.351601
  
  
-117.834267 -373.041091 -113.136562
  
  
-119.693942 -378.926708 -114.924514
  
  
-121.290613 -383.979816 -116.459591
  
  
-123.156120 -389.883569 -118.253117
  
  
-125.024776 -395.797080 -120.049662
  
  
-126.629160 -400.874132 -121.592118
  
  
-128.503679 -406.805928 -123.394253
  
  
-130.381357 -412.747647 -125.199387
  
  
-131.993485 -417.848985 -126.749198
  
  
-133.877055 -423.809188 -128.559925
  
  
-135.763808 -429.779390 -130.373670
  
  
-137.383744 -434.905219 -131.930896
  
  
-139.276472 -440.894074 -133.750334
  
  
-141.172438 -446.892992 -135.572864
  
  
-142.800299 -452.043482 -137.137653
  
  
-144.702285 -458.061165 -138.965923
  
  
-146.607528 -464.088980 -140.797301
  
  
-148.243362 -469.264304 -142.369693
  
  
-150.154674 -475.311043 -144.206856
  
  
-152.069261 -481.368003 -146.047135
  
  
-153.713118 -486.568364 -147.627167
  
  
-155.633807 -492.644391 -149.473251
  
  
-157.557790 -498.730770 -151.322455
  
  
-159.209717 -503.956444 -152.910142
  
  
-161.139850 -510.062067 -154.765188
  
  
-163.073320 -516.178091 -156.623414
  
  
-164.733420 -521.429245 -158.218886
  
  
-166.673123 -527.564672 -160.083052
  
  
-168.616185 -533.710536 -161.950426
  
  
-170.284519 -538.987295 -163.553751
  
  
-172.233844 -545.152702 -165.427084
  
  
-174.186554 -551.328715 -167.303627
  
  
-175.863176 -556.631420 -168.914820
  
  
-177.822190 -562.827144 -170.797351
  
  
-179.784617 -569.033535 -172.683125
  
  
-181.469607 -574.362363 -174.302273
  
  
-183.438434 -580.588660 -176.194147
  
  
-185.410715 -586.825690 -178.089317
  
  
-187.104160 -592.180820 -179.716524
  
  
-189.082858 -598.437874 -181.617793
  
  
-191.065034 -604.705775 -183.522371
  
  
-192.766990 -610.087457 -185.157670
  
  
-194.755641 -616.375569 -187.068401
  
  
-196.747785 -622.674587 -188.982452
  
  
-198.458302 -628.082976 -190.625890
  
  
-200.456967 -634.402310 -192.546145
  
  
-202.459159 -640.732678 -194.469746
  
  
-204.178310 -646.168038 -196.121384
  
  
-206.187071 -652.518887 -198.051231
  
  
-208.199387 -658.880790 -199.984464
  
  
-209.927248 -664.343255 -201.644393
  
  
-211.946206 -670.725840 -203.583944
  
  
-213.968749 -677.119565 -205.526913
  
  
-215.705386 -682.609337 -207.195195
  
  
-217.734588 -689.023868 -209.144482
  
  
-219.767391 -695.449699 -211.097175
  
  
-221.512852 -700.967123 -212.773812
  
  
-223.552385 -707.413990 -214.732889
  
  
-225.595554 -713.872194 -216.695420
  
  
-227.349930 -719.417408 -218.380529
  
  
-229.399913 -725.896763 -220.349553
  
  
-231.453584 -732.387540 -222.322097
  
  
-233.216982 -737.960735 -224.015807
  
  
-235.277494 -744.472814 -225.994855
  
  
-237.341698 -750.996402 -227.977409
  
  
-239.114139 -756.597800 -229.679705
  
  
-241.185222 -763.142880 -231.668782
  
  
-243.260021 -769.699579 -233.661381
  
  
-245.041565 -775.329413 -235.372310
  
  
-247.123296 -781.907734 -237.371487
  
  
-249.208770 -788.497780 -239.374207
  
  
-250.999487 -794.156292 -241.093827
  
  
-253.091953 -800.768137 -243.103184
  
  
-255.188213 -807.391747 -245.116156
  
  
-256.988216 -813.079100 -246.844613
  
  
-259.091546 -819.724673 -248.864313
  
  
-261.198695 -826.382075 -250.887652
  
  
-263.008042 -832.098423 -252.625008
  
  
-265.122286 -838.777924 -254.655083
  
  
-267.240356 -845.469414 -256.688779
  
  
0.073616 0.361901 0.273064
  
  
-2.563783 -7.969984 -2.259126
  
  
-4.692130 -14.693609 -4.302501
  
  
-6.518970 -20.464667 -6.056389
  
  
-8.652850 -27.205547 -8.105048
  
  
-10.789733 -33.955749 -10.156584
  
  
-12.623919 -39.749658 -11.917501
  
  
-14.766376 -46.517258 -13.974356
  
  
-16.911841 -53.294246 -16.034083
  
  
-18.753399 -59.111162 -17.802033
  
  
-20.904484 -65.905696 -19.867120
  
  
-23.058606 -72.709728 -21.935099
  
  
-24.907603 -78.549894 -23.710138
  
  
-27.067386 -85.371625 -25.783512
  
  
-29.230227 -92.202972 -27.859784
  
  
-31.086716 -98.066661 -29.641938
  
  
-33.255273 -104.915922 -31.723647
  
  
-35.426936 -111.774860 -33.808319
  
  
-37.291028 -117.662264 -35.597724
  
  
-39.468489 -124.539269 -37.687930
  
  
-41.649089 -131.426012 -39.781139
  
  
-43.520864 -137.337292 -41.577890
  
  
-45.707308 -144.242258 -43.676673
  
  
-47.896904 -151.157112 -45.778449
  
  
-49.776405 -157.092595 -47.582543
  
  
-51.971884 -164.025861 -49.689912
  
  
-54.170546 -170.969096 -51.800305
  
  
-56.057850 -176.928990 -53.611819
